logMsmin    logMsmax    logSFRmin    logSFRmax    Prob
7.0  7.229166666666667  -5.5  -5.166666666666667  0.0
7.0  7.229166666666667  -5.166666666666667  -4.833333333333333  0.0
7.0  7.229166666666667  -4.833333333333333  -4.5  0.0
7.0  7.229166666666667  -4.5  -4.166666666666667  0.0
7.0  7.229166666666667  -4.166666666666667  -3.8333333333333335  0.0
7.0  7.229166666666667  -3.8333333333333335  -3.5  0.0
7.0  7.229166666666667  -3.5  -3.166666666666667  6.042021056529399e-06
7.0  7.229166666666667  -3.166666666666667  -2.8333333333333335  0.00010683446840651407
7.0  7.229166666666667  -2.8333333333333335  -2.5  0.00011166211539434689
7.0  7.229166666666667  -2.5  -2.166666666666667  8.647544414092503e-05
7.0  7.229166666666667  -2.166666666666667  -1.8333333333333335  8.635218990924609e-05
7.0  7.229166666666667  -1.8333333333333335  -1.5  7.638194141729594e-05
7.0  7.229166666666667  -1.5  -1.166666666666667  8.95597769051333e-05
7.0  7.229166666666667  -1.166666666666667  -0.8333333333333339  8.065809728339603e-05
7.0  7.229166666666667  -0.8333333333333339  -0.5  4.713328666547822e-05
7.0  7.229166666666667  -0.5  -0.16666666666666696  5.2850523899619464e-05
7.0  7.229166666666667  -0.16666666666666696  0.16666666666666607  4.796998535791506e-06
7.0  7.229166666666667  0.16666666666666607  0.5  3.661830943351265e-07
7.0  7.229166666666667  0.5  0.833333333333333  0.0
7.0  7.229166666666667  0.833333333333333  1.166666666666666  0.0
7.0  7.229166666666667  1.166666666666666  1.5  0.0
7.0  7.229166666666667  1.5  1.833333333333333  0.0
7.0  7.229166666666667  1.833333333333333  2.166666666666666  0.0
7.0  7.229166666666667  2.166666666666666  2.5  0.0
7.229166666666667  7.458333333333333  -5.5  -5.166666666666667  0.0
7.229166666666667  7.458333333333333  -5.166666666666667  -4.833333333333333  0.0
7.229166666666667  7.458333333333333  -4.833333333333333  -4.5  0.0
7.229166666666667  7.458333333333333  -4.5  -4.166666666666667  0.0
7.229166666666667  7.458333333333333  -4.166666666666667  -3.8333333333333335  0.0
7.229166666666667  7.458333333333333  -3.8333333333333335  -3.5  0.0
7.229166666666667  7.458333333333333  -3.5  -3.166666666666667  2.5392508947793716e-05
7.229166666666667  7.458333333333333  -3.166666666666667  -2.8333333333333335  0.0001694326575790862
7.229166666666667  7.458333333333333  -2.8333333333333335  -2.5  0.00015165174609966793
7.229166666666667  7.458333333333333  -2.5  -2.166666666666667  0.00011348667207462165
7.229166666666667  7.458333333333333  -2.166666666666667  -1.8333333333333335  0.00010072181974285334
7.229166666666667  7.458333333333333  -1.8333333333333335  -1.5  0.0001292007064210493
7.229166666666667  7.458333333333333  -1.5  -1.166666666666667  0.00012374500187841726
7.229166666666667  7.458333333333333  -1.166666666666667  -0.8333333333333339  9.932155241244687e-05
7.229166666666667  7.458333333333333  -0.8333333333333339  -0.5  9.59263767298502e-05
7.229166666666667  7.458333333333333  -0.5  -0.16666666666666696  5.66741878359601e-05
7.229166666666667  7.458333333333333  -0.16666666666666696  0.16666666666666607  1.9348199246952323e-05
7.229166666666667  7.458333333333333  0.16666666666666607  0.5  4.577288679198451e-07
7.229166666666667  7.458333333333333  0.5  0.833333333333333  8.23911962254222e-07
7.229166666666667  7.458333333333333  0.833333333333333  1.166666666666666  0.0
7.229166666666667  7.458333333333333  1.166666666666666  1.5  0.0
7.229166666666667  7.458333333333333  1.5  1.833333333333333  0.0
7.229166666666667  7.458333333333333  1.833333333333333  2.166666666666666  0.0
7.229166666666667  7.458333333333333  2.166666666666666  2.5  0.0
7.458333333333333  7.6875  -5.5  -5.166666666666667  0.0
7.458333333333333  7.6875  -5.166666666666667  -4.833333333333333  0.0
7.458333333333333  7.6875  -4.833333333333333  -4.5  0.0
7.458333333333333  7.6875  -4.5  -4.166666666666667  0.0
7.458333333333333  7.6875  -4.166666666666667  -3.8333333333333335  0.0
7.458333333333333  7.6875  -3.8333333333333335  -3.5  0.0
7.458333333333333  7.6875  -3.5  -3.166666666666667  2.3820210286511558e-05
7.458333333333333  7.6875  -3.166666666666667  -2.8333333333333335  0.00017520545075601905
7.458333333333333  7.6875  -2.8333333333333335  -2.5  0.0001401229451858563
7.458333333333333  7.6875  -2.5  -2.166666666666667  0.000150594482950059
7.458333333333333  7.6875  -2.166666666666667  -1.8333333333333335  0.00013407849337638224
7.458333333333333  7.6875  -1.8333333333333335  -1.5  0.00010279276529693702
7.458333333333333  7.6875  -1.5  -1.166666666666667  0.00019542542819958863
7.458333333333333  7.6875  -1.166666666666667  -0.8333333333333339  0.00011769005632377001
7.458333333333333  7.6875  -0.8333333333333339  -0.5  8.172257371664882e-05
7.458333333333333  7.6875  -0.5  -0.16666666666666696  9.531181473581142e-05
7.458333333333333  7.6875  -0.16666666666666696  0.16666666666666607  2.5719667721995855e-05
7.458333333333333  7.6875  0.16666666666666607  0.5  2.9163867870265926e-05
7.458333333333333  7.6875  0.5  0.833333333333333  0.0
7.458333333333333  7.6875  0.833333333333333  1.166666666666666  0.0
7.458333333333333  7.6875  1.166666666666666  1.5  0.0
7.458333333333333  7.6875  1.5  1.833333333333333  0.0
7.458333333333333  7.6875  1.833333333333333  2.166666666666666  0.0
7.458333333333333  7.6875  2.166666666666666  2.5  0.0
7.6875  7.916666666666667  -5.5  -5.166666666666667  0.0
7.6875  7.916666666666667  -5.166666666666667  -4.833333333333333  0.0
7.6875  7.916666666666667  -4.833333333333333  -4.5  0.0
7.6875  7.916666666666667  -4.5  -4.166666666666667  0.0
7.6875  7.916666666666667  -4.166666666666667  -3.8333333333333335  0.0
7.6875  7.916666666666667  -3.8333333333333335  -3.5  0.0
7.6875  7.916666666666667  -3.5  -3.166666666666667  9.019547342351308e-05
7.6875  7.916666666666667  -3.166666666666667  -2.8333333333333335  0.00022981281912803778
7.6875  7.916666666666667  -2.8333333333333335  -2.5  0.00020721676673605787
7.6875  7.916666666666667  -2.5  -2.166666666666667  0.00025545891796175096
7.6875  7.916666666666667  -2.166666666666667  -1.8333333333333335  0.00016997776616941245
7.6875  7.916666666666667  -1.8333333333333335  -1.5  0.00016031344511656644
7.6875  7.916666666666667  -1.5  -1.166666666666667  0.0002497743048997306
7.6875  7.916666666666667  -1.166666666666667  -0.8333333333333339  0.0002044842456138763
7.6875  7.916666666666667  -0.8333333333333339  -0.5  0.00014599504788708026
7.6875  7.916666666666667  -0.5  -0.16666666666666696  0.0001347514117317574
7.6875  7.916666666666667  -0.16666666666666696  0.16666666666666607  1.3462613762326321e-05
7.6875  7.916666666666667  0.16666666666666607  0.5  6.35734538775801e-06
7.6875  7.916666666666667  0.5  0.833333333333333  0.0
7.6875  7.916666666666667  0.833333333333333  1.166666666666666  0.0
7.6875  7.916666666666667  1.166666666666666  1.5  0.0
7.6875  7.916666666666667  1.5  1.833333333333333  0.0
7.6875  7.916666666666667  1.833333333333333  2.166666666666666  0.0
7.6875  7.916666666666667  2.166666666666666  2.5  0.0
7.916666666666667  8.145833333333334  -5.5  -5.166666666666667  0.0
7.916666666666667  8.145833333333334  -5.166666666666667  -4.833333333333333  0.0
7.916666666666667  8.145833333333334  -4.833333333333333  -4.5  0.0
7.916666666666667  8.145833333333334  -4.5  -4.166666666666667  0.0
7.916666666666667  8.145833333333334  -4.166666666666667  -3.8333333333333335  0.0
7.916666666666667  8.145833333333334  -3.8333333333333335  -3.5  0.0
7.916666666666667  8.145833333333334  -3.5  -3.166666666666667  9.691645896746242e-05
7.916666666666667  8.145833333333334  -3.166666666666667  -2.8333333333333335  0.00026754072828342226
7.916666666666667  8.145833333333334  -2.8333333333333335  -2.5  0.00022323581758817694
7.916666666666667  8.145833333333334  -2.5  -2.166666666666667  0.00023718946485315812
7.916666666666667  8.145833333333334  -2.166666666666667  -1.8333333333333335  0.0002687757833224704
7.916666666666667  8.145833333333334  -1.8333333333333335  -1.5  0.000221298274861742
7.916666666666667  8.145833333333334  -1.5  -1.166666666666667  0.0002970587555696082
7.916666666666667  8.145833333333334  -1.166666666666667  -0.8333333333333339  0.00027993008637441273
7.916666666666667  8.145833333333334  -0.8333333333333339  -0.5  0.0002416683911745526
7.916666666666667  8.145833333333334  -0.5  -0.16666666666666696  0.00020771434563178172
7.916666666666667  8.145833333333334  -0.16666666666666696  0.16666666666666607  0.00015802021130865106
7.916666666666667  8.145833333333334  0.16666666666666607  0.5  8.322635065107665e-06
7.916666666666667  8.145833333333334  0.5  0.833333333333333  2.898949496821438e-06
7.916666666666667  8.145833333333334  0.833333333333333  1.166666666666666  8.23911962254222e-07
7.916666666666667  8.145833333333334  1.166666666666666  1.5  0.0
7.916666666666667  8.145833333333334  1.5  1.833333333333333  0.0
7.916666666666667  8.145833333333334  1.833333333333333  2.166666666666666  0.0
7.916666666666667  8.145833333333334  2.166666666666666  2.5  0.0
8.145833333333334  8.375  -5.5  -5.166666666666667  0.0
8.145833333333334  8.375  -5.166666666666667  -4.833333333333333  0.0
8.145833333333334  8.375  -4.833333333333333  -4.5  0.0
8.145833333333334  8.375  -4.5  -4.166666666666667  0.0
8.145833333333334  8.375  -4.166666666666667  -3.8333333333333335  0.0
8.145833333333334  8.375  -3.8333333333333335  -3.5  0.0
8.145833333333334  8.375  -3.5  -3.166666666666667  0.0
8.145833333333334  8.375  -3.166666666666667  -2.8333333333333335  0.0002935224509600679
8.145833333333334  8.375  -2.8333333333333335  -2.5  0.0003431357919367656
8.145833333333334  8.375  -2.5  -2.166666666666667  0.0003356601350041752
8.145833333333334  8.375  -2.166666666666667  -1.8333333333333335  0.00021315126722734078
8.145833333333334  8.375  -1.8333333333333335  -1.5  0.00030871704229186073
8.145833333333334  8.375  -1.5  -1.166666666666667  0.0003384804901050878
8.145833333333334  8.375  -1.166666666666667  -0.8333333333333339  0.00032085122261161386
8.145833333333334  8.375  -0.8333333333333339  -0.5  0.0003042347967538902
8.145833333333334  8.375  -0.5  -0.16666666666666696  0.0002826270240193149
8.145833333333334  8.375  -0.16666666666666696  0.16666666666666607  0.0002555095248895235
8.145833333333334  8.375  0.16666666666666607  0.5  0.0001699106202401787
8.145833333333334  8.375  0.5  0.833333333333333  4.577288679187207e-06
8.145833333333334  8.375  0.833333333333333  1.166666666666666  0.0
8.145833333333334  8.375  1.166666666666666  1.5  0.0
8.145833333333334  8.375  1.5  1.833333333333333  0.0
8.145833333333334  8.375  1.833333333333333  2.166666666666666  0.0
8.145833333333334  8.375  2.166666666666666  2.5  0.0
8.375  8.604166666666666  -5.5  -5.166666666666667  0.0
8.375  8.604166666666666  -5.166666666666667  -4.833333333333333  0.0
8.375  8.604166666666666  -4.833333333333333  -4.5  0.0
8.375  8.604166666666666  -4.5  -4.166666666666667  0.0
8.375  8.604166666666666  -4.166666666666667  -3.8333333333333335  0.0
8.375  8.604166666666666  -3.8333333333333335  -3.5  0.0
8.375  8.604166666666666  -3.5  -3.166666666666667  0.00011772786482855087
8.375  8.604166666666666  -3.166666666666667  -2.8333333333333335  0.00029532666558113594
8.375  8.604166666666666  -2.8333333333333335  -2.5  0.0003861171865329902
8.375  8.604166666666666  -2.5  -2.166666666666667  0.0001782670848996784
8.375  8.604166666666666  -2.166666666666667  -1.8333333333333335  0.00030758753970144115
8.375  8.604166666666666  -1.8333333333333335  -1.5  0.0006961220690433803
8.375  8.604166666666666  -1.5  -1.166666666666667  0.0003455547552117179
8.375  8.604166666666666  -1.166666666666667  -0.8333333333333339  0.0004911030605885219
8.375  8.604166666666666  -0.8333333333333339  -0.5  0.000502758936562612
8.375  8.604166666666666  -0.5  -0.16666666666666696  0.00047041427942572073
8.375  8.604166666666666  -0.16666666666666696  0.16666666666666607  0.0004448025814572825
8.375  8.604166666666666  0.16666666666666607  0.5  0.00046948639677268304
8.375  8.604166666666666  0.5  0.833333333333333  7.239744927601694e-06
8.375  8.604166666666666  0.833333333333333  1.166666666666666  1.1443221697977386e-05
8.375  8.604166666666666  1.166666666666666  1.5  0.0
8.375  8.604166666666666  1.5  1.833333333333333  0.0
8.375  8.604166666666666  1.833333333333333  2.166666666666666  0.0
8.375  8.604166666666666  2.166666666666666  2.5  0.0
8.604166666666666  8.833333333333334  -5.5  -5.166666666666667  0.0
8.604166666666666  8.833333333333334  -5.166666666666667  -4.833333333333333  0.0
8.604166666666666  8.833333333333334  -4.833333333333333  -4.5  0.0
8.604166666666666  8.833333333333334  -4.5  -4.166666666666667  0.0
8.604166666666666  8.833333333333334  -4.166666666666667  -3.8333333333333335  0.0
8.604166666666666  8.833333333333334  -3.8333333333333335  -3.5  0.0
8.604166666666666  8.833333333333334  -3.5  -3.166666666666667  0.0001680780402999962
8.604166666666666  8.833333333333334  -3.166666666666667  -2.8333333333333335  0.0
8.604166666666666  8.833333333333334  -2.8333333333333335  -2.5  9.154577358359421e-08
8.604166666666666  8.833333333333334  -2.5  -2.166666666666667  0.0002869502272982249
8.604166666666666  8.833333333333334  -2.166666666666667  -1.8333333333333335  0.0006192156125206688
8.604166666666666  8.833333333333334  -1.8333333333333335  -1.5  0.000517508258068982
8.604166666666666  8.833333333333334  -1.5  -1.166666666666667  0.00034125052821179627
8.604166666666666  8.833333333333334  -1.166666666666667  -0.8333333333333339  0.0006295768961986059
8.604166666666666  8.833333333333334  -0.8333333333333339  -0.5  0.0005348283057890935
8.604166666666666  8.833333333333334  -0.5  -0.16666666666666696  0.0008188567223478248
8.604166666666666  8.833333333333334  -0.16666666666666696  0.16666666666666607  0.0007952161710104014
8.604166666666666  8.833333333333334  0.16666666666666607  0.5  0.00066199297314858
8.604166666666666  8.833333333333334  0.5  0.833333333333333  5.691095591125621e-06
8.604166666666666  8.833333333333334  0.833333333333333  1.166666666666666  1.071085550929364e-05
8.604166666666666  8.833333333333334  1.166666666666666  1.5  0.0
8.604166666666666  8.833333333333334  1.5  1.833333333333333  0.0
8.604166666666666  8.833333333333334  1.833333333333333  2.166666666666666  0.0
8.604166666666666  8.833333333333334  2.166666666666666  2.5  0.0
8.833333333333334  9.0625  -5.5  -5.166666666666667  0.0
8.833333333333334  9.0625  -5.166666666666667  -4.833333333333333  0.0
8.833333333333334  9.0625  -4.833333333333333  -4.5  0.0
8.833333333333334  9.0625  -4.5  -4.166666666666667  0.0
8.833333333333334  9.0625  -4.166666666666667  -3.8333333333333335  0.0
8.833333333333334  9.0625  -3.8333333333333335  -3.5  0.0
8.833333333333334  9.0625  -3.5  -3.166666666666667  0.0
8.833333333333334  9.0625  -3.166666666666667  -2.8333333333333335  0.0
8.833333333333334  9.0625  -2.8333333333333335  -2.5  1.0985492830068786e-06
8.833333333333334  9.0625  -2.5  -2.166666666666667  3.8449224905165794e-06
8.833333333333334  9.0625  -2.166666666666667  -1.8333333333333335  2.0689344829937643e-05
8.833333333333334  9.0625  -1.8333333333333335  -1.5  0.00015236268250106154
8.833333333333334  9.0625  -1.5  -1.166666666666667  0.0007186526317891101
8.833333333333334  9.0625  -1.166666666666667  -0.8333333333333339  0.0006128015959396814
8.833333333333334  9.0625  -0.8333333333333339  -0.5  0.0008491376149203568
8.833333333333334  9.0625  -0.5  -0.16666666666666696  0.00084881696173454
8.833333333333334  9.0625  -0.16666666666666696  0.16666666666666607  0.0008530340686458435
8.833333333333334  9.0625  0.16666666666666607  0.5  0.000839543733853276
8.833333333333334  9.0625  0.5  0.833333333333333  0.0005614578582041607
8.833333333333334  9.0625  0.833333333333333  1.166666666666666  0.0
8.833333333333334  9.0625  1.166666666666666  1.5  0.0
8.833333333333334  9.0625  1.5  1.833333333333333  0.0
8.833333333333334  9.0625  1.833333333333333  2.166666666666666  0.0
8.833333333333334  9.0625  2.166666666666666  2.5  0.0
9.0625  9.291666666666666  -5.5  -5.166666666666667  0.0
9.0625  9.291666666666666  -5.166666666666667  -4.833333333333333  0.0
9.0625  9.291666666666666  -4.833333333333333  -4.5  0.0
9.0625  9.291666666666666  -4.5  -4.166666666666667  0.0
9.0625  9.291666666666666  -4.166666666666667  -3.8333333333333335  0.0
9.0625  9.291666666666666  -3.8333333333333335  -3.5  0.0
9.0625  9.291666666666666  -3.5  -3.166666666666667  0.0
9.0625  9.291666666666666  -3.166666666666667  -2.8333333333333335  0.0
9.0625  9.291666666666666  -2.8333333333333335  -2.5  0.0
9.0625  9.291666666666666  -2.5  -2.166666666666667  1.4647323773412556e-06
9.0625  9.291666666666666  -2.166666666666667  -1.8333333333333335  3.661830943351265e-07
9.0625  9.291666666666666  -1.8333333333333335  -1.5  0.0
9.0625  9.291666666666666  -1.5  -1.166666666666667  3.021010528264231e-06
9.0625  9.291666666666666  -1.166666666666667  -0.8333333333333339  0.00027555277848701214
9.0625  9.291666666666666  -0.8333333333333339  -0.5  0.0009614829603398463
9.0625  9.291666666666666  -0.5  -0.16666666666666696  0.0009244816195587149
9.0625  9.291666666666666  -0.16666666666666696  0.16666666666666607  0.0014350085156702827
9.0625  9.291666666666666  0.16666666666666607  0.5  0.0014077819032331847
9.0625  9.291666666666666  0.5  0.833333333333333  0.0011565776866145194
9.0625  9.291666666666666  0.833333333333333  1.166666666666666  6.7743872451934675e-06
9.0625  9.291666666666666  1.166666666666666  1.5  0.0
9.0625  9.291666666666666  1.5  1.833333333333333  0.0
9.0625  9.291666666666666  1.833333333333333  2.166666666666666  0.0
9.0625  9.291666666666666  2.166666666666666  2.5  0.0
9.291666666666666  9.520833333333332  -5.5  -5.166666666666667  0.0
9.291666666666666  9.520833333333332  -5.166666666666667  -4.833333333333333  0.0
9.291666666666666  9.520833333333332  -4.833333333333333  -4.5  0.0
9.291666666666666  9.520833333333332  -4.5  -4.166666666666667  0.0
9.291666666666666  9.520833333333332  -4.166666666666667  -3.8333333333333335  0.0
9.291666666666666  9.520833333333332  -3.8333333333333335  -3.5  0.0
9.291666666666666  9.520833333333332  -3.5  -3.166666666666667  0.0
9.291666666666666  9.520833333333332  -3.166666666666667  -2.8333333333333335  0.0
9.291666666666666  9.520833333333332  -2.8333333333333335  -2.5  0.0
9.291666666666666  9.520833333333332  -2.5  -2.166666666666667  0.0
9.291666666666666  9.520833333333332  -2.166666666666667  -1.8333333333333335  0.0
9.291666666666666  9.520833333333332  -1.8333333333333335  -1.5  0.0
9.291666666666666  9.520833333333332  -1.5  -1.166666666666667  0.0
9.291666666666666  9.520833333333332  -1.166666666666667  -0.8333333333333339  0.0003083261654302162
9.291666666666666  9.520833333333332  -0.8333333333333339  -0.5  0.0006999589848227588
9.291666666666666  9.520833333333332  -0.5  -0.16666666666666696  0.0008722481307069496
9.291666666666666  9.520833333333332  -0.16666666666666696  0.16666666666666607  0.0014952316733744782
9.291666666666666  9.520833333333332  0.16666666666666607  0.5  0.002384178141880008
9.291666666666666  9.520833333333332  0.5  0.833333333333333  0.0022344235054841733
9.291666666666666  9.520833333333332  0.833333333333333  1.166666666666666  0.0020086668487164705
9.291666666666666  9.520833333333332  1.166666666666666  1.5  0.0
9.291666666666666  9.520833333333332  1.5  1.833333333333333  0.0
9.291666666666666  9.520833333333332  1.833333333333333  2.166666666666666  0.0
9.291666666666666  9.520833333333332  2.166666666666666  2.5  0.0
9.520833333333332  9.75  -5.5  -5.166666666666667  0.0
9.520833333333332  9.75  -5.166666666666667  -4.833333333333333  0.0
9.520833333333332  9.75  -4.833333333333333  -4.5  0.0
9.520833333333332  9.75  -4.5  -4.166666666666667  0.0
9.520833333333332  9.75  -4.166666666666667  -3.8333333333333335  0.0
9.520833333333332  9.75  -3.8333333333333335  -3.5  0.0
9.520833333333332  9.75  -3.5  -3.166666666666667  0.0
9.520833333333332  9.75  -3.166666666666667  -2.8333333333333335  0.0
9.520833333333332  9.75  -2.8333333333333335  -2.5  0.0
9.520833333333332  9.75  -2.5  -2.166666666666667  0.0
9.520833333333332  9.75  -2.166666666666667  -1.8333333333333335  0.0
9.520833333333332  9.75  -1.8333333333333335  -1.5  0.0001174532275080381
9.520833333333332  9.75  -1.5  -1.166666666666667  0.0
9.520833333333332  9.75  -1.166666666666667  -0.8333333333333339  0.000906760887346166
9.520833333333332  9.75  -0.8333333333333339  -0.5  0.0
9.520833333333332  9.75  -0.5  -0.16666666666666696  0.0005899438514174389
9.520833333333332  9.75  -0.16666666666666696  0.16666666666666607  0.002224211372620217
9.520833333333332  9.75  0.16666666666666607  0.5  0.0022577276556648685
9.520833333333332  9.75  0.5  0.833333333333333  0.003415256905833261
9.520833333333332  9.75  0.833333333333333  1.166666666666666  0.0033767243653369597
9.520833333333332  9.75  1.166666666666666  1.5  0.0016753792023559643
9.520833333333332  9.75  1.5  1.833333333333333  0.0
9.520833333333332  9.75  1.833333333333333  2.166666666666666  0.0
9.520833333333332  9.75  2.166666666666666  2.5  0.0
9.75  9.979166666666666  -5.5  -5.166666666666667  0.0
9.75  9.979166666666666  -5.166666666666667  -4.833333333333333  0.0
9.75  9.979166666666666  -4.833333333333333  -4.5  0.0
9.75  9.979166666666666  -4.5  -4.166666666666667  0.0
9.75  9.979166666666666  -4.166666666666667  -3.8333333333333335  0.0
9.75  9.979166666666666  -3.8333333333333335  -3.5  0.0
9.75  9.979166666666666  -3.5  -3.166666666666667  0.0
9.75  9.979166666666666  -3.166666666666667  -2.8333333333333335  0.0
9.75  9.979166666666666  -2.8333333333333335  -2.5  0.0
9.75  9.979166666666666  -2.5  -2.166666666666667  0.0
9.75  9.979166666666666  -2.166666666666667  -1.8333333333333335  0.00040020760685102757
9.75  9.979166666666666  -1.8333333333333335  -1.5  0.0006736853478036732
9.75  9.979166666666666  -1.5  -1.166666666666667  0.0012179707446465077
9.75  9.979166666666666  -1.166666666666667  -0.8333333333333339  0.0004123221642210031
9.75  9.979166666666666  -0.8333333333333339  -0.5  0.0042168119380748825
9.75  9.979166666666666  -0.5  -0.16666666666666696  0.0023935100232366224
9.75  9.979166666666666  -0.16666666666666696  0.16666666666666607  0.0029765375914579057
9.75  9.979166666666666  0.16666666666666607  0.5  0.003040372459376636
9.75  9.979166666666666  0.5  0.833333333333333  0.005777686889836604
9.75  9.979166666666666  0.833333333333333  1.166666666666666  0.003951208931399674
9.75  9.979166666666666  1.166666666666666  1.5  0.003567328365551478
9.75  9.979166666666666  1.5  1.833333333333333  0.0010841765965533417
9.75  9.979166666666666  1.833333333333333  2.166666666666666  0.0
9.75  9.979166666666666  2.166666666666666  2.5  0.0
9.979166666666666  10.208333333333332  -5.5  -5.166666666666667  0.0
9.979166666666666  10.208333333333332  -5.166666666666667  -4.833333333333333  0.0
9.979166666666666  10.208333333333332  -4.833333333333333  -4.5  0.0
9.979166666666666  10.208333333333332  -4.5  -4.166666666666667  0.0
9.979166666666666  10.208333333333332  -4.166666666666667  -3.8333333333333335  0.0
9.979166666666666  10.208333333333332  -3.8333333333333335  -3.5  0.0
9.979166666666666  10.208333333333332  -3.5  -3.166666666666667  0.0
9.979166666666666  10.208333333333332  -3.166666666666667  -2.8333333333333335  0.0
9.979166666666666  10.208333333333332  -2.8333333333333335  -2.5  0.0
9.979166666666666  10.208333333333332  -2.5  -2.166666666666667  0.0013085552876060582
9.979166666666666  10.208333333333332  -2.166666666666667  -1.8333333333333335  0.0007444502307840595
9.979166666666666  10.208333333333332  -1.8333333333333335  -1.5  0.0
9.979166666666666  10.208333333333332  -1.5  -1.166666666666667  0.0007225707908954272
9.979166666666666  10.208333333333332  -1.166666666666667  -0.8333333333333339  0.0028932126283422155
9.979166666666666  10.208333333333332  -0.8333333333333339  -0.5  0.005761305096410824
9.979166666666666  10.208333333333332  -0.5  -0.16666666666666696  0.005399161713630687
9.979166666666666  10.208333333333332  -0.16666666666666696  0.16666666666666607  0.005084179807182695
9.979166666666666  10.208333333333332  0.16666666666666607  0.5  0.0051271957494105035
9.979166666666666  10.208333333333332  0.5  0.833333333333333  0.009241064561965062
9.979166666666666  10.208333333333332  0.833333333333333  1.166666666666666  0.008787700142916938
9.979166666666666  10.208333333333332  1.166666666666666  1.5  0.006219281538065937
9.979166666666666  10.208333333333332  1.5  1.833333333333333  0.0023243864251951073
9.979166666666666  10.208333333333332  1.833333333333333  2.166666666666666  0.0
9.979166666666666  10.208333333333332  2.166666666666666  2.5  0.0
10.208333333333332  10.4375  -5.5  -5.166666666666667  0.0
10.208333333333332  10.4375  -5.166666666666667  -4.833333333333333  0.0
10.208333333333332  10.4375  -4.833333333333333  -4.5  0.0
10.208333333333332  10.4375  -4.5  -4.166666666666667  0.0
10.208333333333332  10.4375  -4.166666666666667  -3.8333333333333335  0.0
10.208333333333332  10.4375  -3.8333333333333335  -3.5  0.0
10.208333333333332  10.4375  -3.5  -3.166666666666667  0.0
10.208333333333332  10.4375  -3.166666666666667  -2.8333333333333335  0.0
10.208333333333332  10.4375  -2.8333333333333335  -2.5  0.0
10.208333333333332  10.4375  -2.5  -2.166666666666667  0.0
10.208333333333332  10.4375  -2.166666666666667  -1.8333333333333335  0.0
10.208333333333332  10.4375  -1.8333333333333335  -1.5  0.0
10.208333333333332  10.4375  -1.5  -1.166666666666667  0.0010234817486671694
10.208333333333332  10.4375  -1.166666666666667  -0.8333333333333339  0.004139196379703328
10.208333333333332  10.4375  -0.8333333333333339  -0.5  0.009134391515296672
10.208333333333332  10.4375  -0.5  -0.16666666666666696  0.0062850293125066
10.208333333333332  10.4375  -0.16666666666666696  0.16666666666666607  0.011538253839773464
10.208333333333332  10.4375  0.16666666666666607  0.5  0.009804709286433469
10.208333333333332  10.4375  0.5  0.833333333333333  0.013572133375366092
10.208333333333332  10.4375  0.833333333333333  1.166666666666666  0.014763000898417509
10.208333333333332  10.4375  1.166666666666666  1.5  0.010516582539549096
10.208333333333332  10.4375  1.5  1.833333333333333  0.012343620154054387
10.208333333333332  10.4375  1.833333333333333  2.166666666666666  0.0
10.208333333333332  10.4375  2.166666666666666  2.5  0.0
10.4375  10.666666666666666  -5.5  -5.166666666666667  0.0
10.4375  10.666666666666666  -5.166666666666667  -4.833333333333333  0.0
10.4375  10.666666666666666  -4.833333333333333  -4.5  0.0
10.4375  10.666666666666666  -4.5  -4.166666666666667  0.0
10.4375  10.666666666666666  -4.166666666666667  -3.8333333333333335  0.0
10.4375  10.666666666666666  -3.8333333333333335  -3.5  0.0
10.4375  10.666666666666666  -3.5  -3.166666666666667  0.0
10.4375  10.666666666666666  -3.166666666666667  -2.8333333333333335  0.0
10.4375  10.666666666666666  -2.8333333333333335  -2.5  0.0
10.4375  10.666666666666666  -2.5  -2.166666666666667  0.0
10.4375  10.666666666666666  -2.166666666666667  -1.8333333333333335  0.0
10.4375  10.666666666666666  -1.8333333333333335  -1.5  0.0
10.4375  10.666666666666666  -1.5  -1.166666666666667  0.0
10.4375  10.666666666666666  -1.166666666666667  -0.8333333333333339  0.0
10.4375  10.666666666666666  -0.8333333333333339  -0.5  0.006568958529278247
10.4375  10.666666666666666  -0.5  -0.16666666666666696  0.009710534841345911
10.4375  10.666666666666666  -0.16666666666666696  0.16666666666666607  0.00869512437838726
10.4375  10.666666666666666  0.16666666666666607  0.5  0.015129101716030182
10.4375  10.666666666666666  0.5  0.833333333333333  0.01238508784655498
10.4375  10.666666666666666  0.833333333333333  1.166666666666666  0.02186767131403838
10.4375  10.666666666666666  1.166666666666666  1.5  0.019801033195820057
10.4375  10.666666666666666  1.5  1.833333333333333  0.01940713562846938
10.4375  10.666666666666666  1.833333333333333  2.166666666666666  0.006390787567446126
10.4375  10.666666666666666  2.166666666666666  2.5  0.0
10.666666666666666  10.895833333333332  -5.5  -5.166666666666667  0.0
10.666666666666666  10.895833333333332  -5.166666666666667  -4.833333333333333  0.0
10.666666666666666  10.895833333333332  -4.833333333333333  -4.5  0.0
10.666666666666666  10.895833333333332  -4.5  -4.166666666666667  0.0
10.666666666666666  10.895833333333332  -4.166666666666667  -3.8333333333333335  0.0
10.666666666666666  10.895833333333332  -3.8333333333333335  -3.5  0.0
10.666666666666666  10.895833333333332  -3.5  -3.166666666666667  0.0
10.666666666666666  10.895833333333332  -3.166666666666667  -2.8333333333333335  0.0
10.666666666666666  10.895833333333332  -2.8333333333333335  -2.5  0.0
10.666666666666666  10.895833333333332  -2.5  -2.166666666666667  0.0
10.666666666666666  10.895833333333332  -2.166666666666667  -1.8333333333333335  0.0
10.666666666666666  10.895833333333332  -1.8333333333333335  -1.5  0.0
10.666666666666666  10.895833333333332  -1.5  -1.166666666666667  0.0
10.666666666666666  10.895833333333332  -1.166666666666667  -0.8333333333333339  0.0
10.666666666666666  10.895833333333332  -0.8333333333333339  -0.5  0.0033885668092030457
10.666666666666666  10.895833333333332  -0.5  -0.16666666666666696  0.0054330585706419
10.666666666666666  10.895833333333332  -0.16666666666666696  0.16666666666666607  0.006210739917234617
10.666666666666666  10.895833333333332  0.16666666666666607  0.5  0.022213993916072608
10.666666666666666  10.895833333333332  0.5  0.833333333333333  0.017642060664665195
10.666666666666666  10.895833333333332  0.833333333333333  1.166666666666666  0.023354305872412884
10.666666666666666  10.895833333333332  1.166666666666666  1.5  0.030899156236442064
10.666666666666666  10.895833333333332  1.5  1.833333333333333  0.03274100834719855
10.666666666666666  10.895833333333332  1.833333333333333  2.166666666666666  0.013235642171843191
10.666666666666666  10.895833333333332  2.166666666666666  2.5  0.0
10.895833333333332  11.125  -5.5  -5.166666666666667  0.0
10.895833333333332  11.125  -5.166666666666667  -4.833333333333333  0.0
10.895833333333332  11.125  -4.833333333333333  -4.5  0.0
10.895833333333332  11.125  -4.5  -4.166666666666667  0.0
10.895833333333332  11.125  -4.166666666666667  -3.8333333333333335  0.0
10.895833333333332  11.125  -3.8333333333333335  -3.5  0.0
10.895833333333332  11.125  -3.5  -3.166666666666667  0.0
10.895833333333332  11.125  -3.166666666666667  -2.8333333333333335  0.0
10.895833333333332  11.125  -2.8333333333333335  -2.5  0.0
10.895833333333332  11.125  -2.5  -2.166666666666667  0.0
10.895833333333332  11.125  -2.166666666666667  -1.8333333333333335  0.0
10.895833333333332  11.125  -1.8333333333333335  -1.5  0.0
10.895833333333332  11.125  -1.5  -1.166666666666667  0.0
10.895833333333332  11.125  -1.166666666666667  -0.8333333333333339  0.0
10.895833333333332  11.125  -0.8333333333333339  -0.5  0.0
10.895833333333332  11.125  -0.5  -0.16666666666666696  0.0
10.895833333333332  11.125  -0.16666666666666696  0.16666666666666607  0.0
10.895833333333332  11.125  0.16666666666666607  0.5  0.011520760968190092
10.895833333333332  11.125  0.5  0.833333333333333  0.0
10.895833333333332  11.125  0.833333333333333  1.166666666666666  0.05182308975194363
10.895833333333332  11.125  1.166666666666666  1.5  0.05500456094925954
10.895833333333332  11.125  1.5  1.833333333333333  0.04940907118677822
10.895833333333332  11.125  1.833333333333333  2.166666666666666  0.0365213166863725
10.895833333333332  11.125  2.166666666666666  2.5  0.0
11.125  11.354166666666666  -5.5  -5.166666666666667  0.0
11.125  11.354166666666666  -5.166666666666667  -4.833333333333333  0.0
11.125  11.354166666666666  -4.833333333333333  -4.5  0.0
11.125  11.354166666666666  -4.5  -4.166666666666667  0.0
11.125  11.354166666666666  -4.166666666666667  -3.8333333333333335  0.0
11.125  11.354166666666666  -3.8333333333333335  -3.5  0.0
11.125  11.354166666666666  -3.5  -3.166666666666667  0.0
11.125  11.354166666666666  -3.166666666666667  -2.8333333333333335  0.0
11.125  11.354166666666666  -2.8333333333333335  -2.5  0.0
11.125  11.354166666666666  -2.5  -2.166666666666667  0.0
11.125  11.354166666666666  -2.166666666666667  -1.8333333333333335  0.0
11.125  11.354166666666666  -1.8333333333333335  -1.5  0.0
11.125  11.354166666666666  -1.5  -1.166666666666667  0.0
11.125  11.354166666666666  -1.166666666666667  -0.8333333333333339  0.0
11.125  11.354166666666666  -0.8333333333333339  -0.5  0.0
11.125  11.354166666666666  -0.5  -0.16666666666666696  0.0
11.125  11.354166666666666  -0.16666666666666696  0.16666666666666607  0.0
11.125  11.354166666666666  0.16666666666666607  0.5  0.0
11.125  11.354166666666666  0.5  0.833333333333333  0.0
11.125  11.354166666666666  0.833333333333333  1.166666666666666  0.0
11.125  11.354166666666666  1.166666666666666  1.5  0.05330454067617517
11.125  11.354166666666666  1.5  1.833333333333333  0.07473818316065126
11.125  11.354166666666666  1.833333333333333  2.166666666666666  0.07436908585925361
11.125  11.354166666666666  2.166666666666666  2.5  0.0
11.354166666666666  11.583333333333332  -5.5  -5.166666666666667  0.0
11.354166666666666  11.583333333333332  -5.166666666666667  -4.833333333333333  0.0
11.354166666666666  11.583333333333332  -4.833333333333333  -4.5  0.0
11.354166666666666  11.583333333333332  -4.5  -4.166666666666667  0.0
11.354166666666666  11.583333333333332  -4.166666666666667  -3.8333333333333335  0.0
11.354166666666666  11.583333333333332  -3.8333333333333335  -3.5  0.0
11.354166666666666  11.583333333333332  -3.5  -3.166666666666667  0.0
11.354166666666666  11.583333333333332  -3.166666666666667  -2.8333333333333335  0.0
11.354166666666666  11.583333333333332  -2.8333333333333335  -2.5  0.0
11.354166666666666  11.583333333333332  -2.5  -2.166666666666667  0.0
11.354166666666666  11.583333333333332  -2.166666666666667  -1.8333333333333335  0.0
11.354166666666666  11.583333333333332  -1.8333333333333335  -1.5  0.0
11.354166666666666  11.583333333333332  -1.5  -1.166666666666667  0.0
11.354166666666666  11.583333333333332  -1.166666666666667  -0.8333333333333339  0.0
11.354166666666666  11.583333333333332  -0.8333333333333339  -0.5  0.0
11.354166666666666  11.583333333333332  -0.5  -0.16666666666666696  0.0
11.354166666666666  11.583333333333332  -0.16666666666666696  0.16666666666666607  0.0
11.354166666666666  11.583333333333332  0.16666666666666607  0.5  0.0
11.354166666666666  11.583333333333332  0.5  0.833333333333333  0.0
11.354166666666666  11.583333333333332  0.833333333333333  1.166666666666666  0.0
11.354166666666666  11.583333333333332  1.166666666666666  1.5  0.0
11.354166666666666  11.583333333333332  1.5  1.833333333333333  0.0
11.354166666666666  11.583333333333332  1.833333333333333  2.166666666666666  0.0
11.354166666666666  11.583333333333332  2.166666666666666  2.5  0.08481926477834738
11.583333333333332  11.8125  -5.5  -5.166666666666667  0.0
11.583333333333332  11.8125  -5.166666666666667  -4.833333333333333  0.0
11.583333333333332  11.8125  -4.833333333333333  -4.5  0.0
11.583333333333332  11.8125  -4.5  -4.166666666666667  0.0
11.583333333333332  11.8125  -4.166666666666667  -3.8333333333333335  0.0
11.583333333333332  11.8125  -3.8333333333333335  -3.5  0.0
11.583333333333332  11.8125  -3.5  -3.166666666666667  0.0
11.583333333333332  11.8125  -3.166666666666667  -2.8333333333333335  0.0
11.583333333333332  11.8125  -2.8333333333333335  -2.5  0.0
11.583333333333332  11.8125  -2.5  -2.166666666666667  0.0
11.583333333333332  11.8125  -2.166666666666667  -1.8333333333333335  0.0
11.583333333333332  11.8125  -1.8333333333333335  -1.5  0.0
11.583333333333332  11.8125  -1.5  -1.166666666666667  0.0
11.583333333333332  11.8125  -1.166666666666667  -0.8333333333333339  0.0
11.583333333333332  11.8125  -0.8333333333333339  -0.5  0.0
11.583333333333332  11.8125  -0.5  -0.16666666666666696  0.0
11.583333333333332  11.8125  -0.16666666666666696  0.16666666666666607  0.0
11.583333333333332  11.8125  0.16666666666666607  0.5  0.0
11.583333333333332  11.8125  0.5  0.833333333333333  0.0
11.583333333333332  11.8125  0.833333333333333  1.166666666666666  0.0
11.583333333333332  11.8125  1.166666666666666  1.5  0.0
11.583333333333332  11.8125  1.5  1.833333333333333  0.0
11.583333333333332  11.8125  1.833333333333333  2.166666666666666  0.0
11.583333333333332  11.8125  2.166666666666666  2.5  0.0
11.8125  12.041666666666666  -5.5  -5.166666666666667  0.0
11.8125  12.041666666666666  -5.166666666666667  -4.833333333333333  0.0
11.8125  12.041666666666666  -4.833333333333333  -4.5  0.0
11.8125  12.041666666666666  -4.5  -4.166666666666667  0.0
11.8125  12.041666666666666  -4.166666666666667  -3.8333333333333335  0.0
11.8125  12.041666666666666  -3.8333333333333335  -3.5  0.0
11.8125  12.041666666666666  -3.5  -3.166666666666667  0.0
11.8125  12.041666666666666  -3.166666666666667  -2.8333333333333335  0.0
11.8125  12.041666666666666  -2.8333333333333335  -2.5  0.0
11.8125  12.041666666666666  -2.5  -2.166666666666667  0.0
11.8125  12.041666666666666  -2.166666666666667  -1.8333333333333335  0.0
11.8125  12.041666666666666  -1.8333333333333335  -1.5  0.0
11.8125  12.041666666666666  -1.5  -1.166666666666667  0.0
11.8125  12.041666666666666  -1.166666666666667  -0.8333333333333339  0.0
11.8125  12.041666666666666  -0.8333333333333339  -0.5  0.0
11.8125  12.041666666666666  -0.5  -0.16666666666666696  0.0
11.8125  12.041666666666666  -0.16666666666666696  0.16666666666666607  0.0
11.8125  12.041666666666666  0.16666666666666607  0.5  0.0
11.8125  12.041666666666666  0.5  0.833333333333333  0.0
11.8125  12.041666666666666  0.833333333333333  1.166666666666666  0.0
11.8125  12.041666666666666  1.166666666666666  1.5  0.0
11.8125  12.041666666666666  1.5  1.833333333333333  0.0
11.8125  12.041666666666666  1.833333333333333  2.166666666666666  0.0
11.8125  12.041666666666666  2.166666666666666  2.5  0.0
12.041666666666666  12.270833333333332  -5.5  -5.166666666666667  0.0
12.041666666666666  12.270833333333332  -5.166666666666667  -4.833333333333333  0.0
12.041666666666666  12.270833333333332  -4.833333333333333  -4.5  0.0
12.041666666666666  12.270833333333332  -4.5  -4.166666666666667  0.0
12.041666666666666  12.270833333333332  -4.166666666666667  -3.8333333333333335  0.0
12.041666666666666  12.270833333333332  -3.8333333333333335  -3.5  0.0
12.041666666666666  12.270833333333332  -3.5  -3.166666666666667  0.0
12.041666666666666  12.270833333333332  -3.166666666666667  -2.8333333333333335  0.0
12.041666666666666  12.270833333333332  -2.8333333333333335  -2.5  0.0
12.041666666666666  12.270833333333332  -2.5  -2.166666666666667  0.0
12.041666666666666  12.270833333333332  -2.166666666666667  -1.8333333333333335  0.0
12.041666666666666  12.270833333333332  -1.8333333333333335  -1.5  0.0
12.041666666666666  12.270833333333332  -1.5  -1.166666666666667  0.0
12.041666666666666  12.270833333333332  -1.166666666666667  -0.8333333333333339  0.0
12.041666666666666  12.270833333333332  -0.8333333333333339  -0.5  0.0
12.041666666666666  12.270833333333332  -0.5  -0.16666666666666696  0.0
12.041666666666666  12.270833333333332  -0.16666666666666696  0.16666666666666607  0.0
12.041666666666666  12.270833333333332  0.16666666666666607  0.5  0.0
12.041666666666666  12.270833333333332  0.5  0.833333333333333  0.0
12.041666666666666  12.270833333333332  0.833333333333333  1.166666666666666  0.0
12.041666666666666  12.270833333333332  1.166666666666666  1.5  0.0
12.041666666666666  12.270833333333332  1.5  1.833333333333333  0.0
12.041666666666666  12.270833333333332  1.833333333333333  2.166666666666666  0.0
12.041666666666666  12.270833333333332  2.166666666666666  2.5  0.0
12.270833333333332  12.5  -5.5  -5.166666666666667  0.0
12.270833333333332  12.5  -5.166666666666667  -4.833333333333333  0.0
12.270833333333332  12.5  -4.833333333333333  -4.5  0.0
12.270833333333332  12.5  -4.5  -4.166666666666667  0.0
12.270833333333332  12.5  -4.166666666666667  -3.8333333333333335  0.0
12.270833333333332  12.5  -3.8333333333333335  -3.5  0.0
12.270833333333332  12.5  -3.5  -3.166666666666667  0.0
12.270833333333332  12.5  -3.166666666666667  -2.8333333333333335  0.0
12.270833333333332  12.5  -2.8333333333333335  -2.5  0.0
12.270833333333332  12.5  -2.5  -2.166666666666667  0.0
12.270833333333332  12.5  -2.166666666666667  -1.8333333333333335  0.0
12.270833333333332  12.5  -1.8333333333333335  -1.5  0.0
12.270833333333332  12.5  -1.5  -1.166666666666667  0.0
12.270833333333332  12.5  -1.166666666666667  -0.8333333333333339  0.0
12.270833333333332  12.5  -0.8333333333333339  -0.5  0.0
12.270833333333332  12.5  -0.5  -0.16666666666666696  0.0
12.270833333333332  12.5  -0.16666666666666696  0.16666666666666607  0.0
12.270833333333332  12.5  0.16666666666666607  0.5  0.0
12.270833333333332  12.5  0.5  0.833333333333333  0.0
12.270833333333332  12.5  0.833333333333333  1.166666666666666  0.0
12.270833333333332  12.5  1.166666666666666  1.5  0.0
12.270833333333332  12.5  1.5  1.833333333333333  0.0
12.270833333333332  12.5  1.833333333333333  2.166666666666666  0.0
12.270833333333332  12.5  2.166666666666666  2.5  0.0
