logMsmin    logMsmax    logSFRmin    logSFRmax    Prob
7.0  7.229166666666667  -5.5  -5.166666666666667  0.0
7.0  7.229166666666667  -5.166666666666667  -4.833333333333333  0.0
7.0  7.229166666666667  -4.833333333333333  -4.5  0.0
7.0  7.229166666666667  -4.5  -4.166666666666667  0.0
7.0  7.229166666666667  -4.166666666666667  -3.8333333333333335  0.0
7.0  7.229166666666667  -3.8333333333333335  -3.5  0.0
7.0  7.229166666666667  -3.5  -3.166666666666667  1.830809731518871e-06
7.0  7.229166666666667  -3.166666666666667  -2.8333333333333335  3.876326253400243e-06
7.0  7.229166666666667  -2.8333333333333335  -2.5  6.905726150471546e-06
7.0  7.229166666666667  -2.5  -2.166666666666667  6.131134402365386e-06
7.0  7.229166666666667  -2.166666666666667  -1.8333333333333335  1.555843012065854e-05
7.0  7.229166666666667  -1.8333333333333335  -1.5  1.423655645772669e-05
7.0  7.229166666666667  -1.5  -1.166666666666667  3.249632877051857e-05
7.0  7.229166666666667  -1.166666666666667  -0.8333333333333339  2.3823821312203474e-05
7.0  7.229166666666667  -0.8333333333333339  -0.5  2.2302151013959734e-05
7.0  7.229166666666667  -0.5  -0.16666666666666696  8.486969225985846e-06
7.0  7.229166666666667  -0.16666666666666696  0.16666666666666607  0.0
7.0  7.229166666666667  0.16666666666666607  0.5  3.829732624985512e-07
7.0  7.229166666666667  0.5  0.833333333333333  0.0
7.0  7.229166666666667  0.833333333333333  1.166666666666666  0.0
7.0  7.229166666666667  1.166666666666666  1.5  0.0
7.0  7.229166666666667  1.5  1.833333333333333  0.0
7.0  7.229166666666667  1.833333333333333  2.166666666666666  0.0
7.0  7.229166666666667  2.166666666666666  2.5  0.0
7.229166666666667  7.458333333333333  -5.5  -5.166666666666667  0.0
7.229166666666667  7.458333333333333  -5.166666666666667  -4.833333333333333  0.0
7.229166666666667  7.458333333333333  -4.833333333333333  -4.5  0.0
7.229166666666667  7.458333333333333  -4.5  -4.166666666666667  0.0
7.229166666666667  7.458333333333333  -4.166666666666667  -3.8333333333333335  0.0
7.229166666666667  7.458333333333333  -3.8333333333333335  -3.5  0.0
7.229166666666667  7.458333333333333  -3.5  -3.166666666666667  3.5302638145420237e-06
7.229166666666667  7.458333333333333  -3.166666666666667  -2.8333333333333335  5.9159461574142635e-06
7.229166666666667  7.458333333333333  -2.8333333333333335  -2.5  7.497503121909575e-06
7.229166666666667  7.458333333333333  -2.5  -2.166666666666667  1.0779866864233332e-05
7.229166666666667  7.458333333333333  -2.166666666666667  -1.8333333333333335  1.3297690989741894e-05
7.229166666666667  7.458333333333333  -1.8333333333333335  -1.5  1.4742314043108015e-05
7.229166666666667  7.458333333333333  -1.5  -1.166666666666667  3.593950083544562e-05
7.229166666666667  7.458333333333333  -1.166666666666667  -0.8333333333333339  3.8577637114198536e-05
7.229166666666667  7.458333333333333  -0.8333333333333339  -0.5  3.706061620400805e-05
7.229166666666667  7.458333333333333  -0.5  -0.16666666666666696  1.575459033291198e-05
7.229166666666667  7.458333333333333  -0.16666666666666696  0.16666666666666607  8.82951280654024e-06
7.229166666666667  7.458333333333333  0.16666666666666607  0.5  0.0
7.229166666666667  7.458333333333333  0.5  0.833333333333333  0.0
7.229166666666667  7.458333333333333  0.833333333333333  1.166666666666666  0.0
7.229166666666667  7.458333333333333  1.166666666666666  1.5  0.0
7.229166666666667  7.458333333333333  1.5  1.833333333333333  0.0
7.229166666666667  7.458333333333333  1.833333333333333  2.166666666666666  0.0
7.229166666666667  7.458333333333333  2.166666666666666  2.5  0.0
7.458333333333333  7.6875  -5.5  -5.166666666666667  0.0
7.458333333333333  7.6875  -5.166666666666667  -4.833333333333333  0.0
7.458333333333333  7.6875  -4.833333333333333  -4.5  0.0
7.458333333333333  7.6875  -4.5  -4.166666666666667  0.0
7.458333333333333  7.6875  -4.166666666666667  -3.8333333333333335  0.0
7.458333333333333  7.6875  -3.8333333333333335  -3.5  0.0
7.458333333333333  7.6875  -3.5  -3.166666666666667  5.145272253853386e-06
7.458333333333333  7.6875  -3.166666666666667  -2.8333333333333335  8.391695332366897e-06
7.458333333333333  7.6875  -2.8333333333333335  -2.5  1.1866724539128104e-05
7.458333333333333  7.6875  -2.5  -2.166666666666667  9.873680602358148e-06
7.458333333333333  7.6875  -2.166666666666667  -1.8333333333333335  1.5665026673482047e-05
7.458333333333333  7.6875  -1.8333333333333335  -1.5  3.899841372814901e-05
7.458333333333333  7.6875  -1.5  -1.166666666666667  4.353900860236629e-05
7.458333333333333  7.6875  -1.166666666666667  -0.8333333333333339  5.276585233765745e-05
7.458333333333333  7.6875  -0.8333333333333339  -0.5  5.701823536338594e-05
7.458333333333333  7.6875  -0.5  -0.16666666666666696  5.7511884104710366e-05
7.458333333333333  7.6875  -0.16666666666666696  0.16666666666666607  1.1101981184150673e-05
7.458333333333333  7.6875  0.16666666666666607  0.5  0.0
7.458333333333333  7.6875  0.5  0.833333333333333  0.0
7.458333333333333  7.6875  0.833333333333333  1.166666666666666  0.0
7.458333333333333  7.6875  1.166666666666666  1.5  0.0
7.458333333333333  7.6875  1.5  1.833333333333333  0.0
7.458333333333333  7.6875  1.833333333333333  2.166666666666666  0.0
7.458333333333333  7.6875  2.166666666666666  2.5  0.0
7.6875  7.916666666666667  -5.5  -5.166666666666667  0.0
7.6875  7.916666666666667  -5.166666666666667  -4.833333333333333  0.0
7.6875  7.916666666666667  -4.833333333333333  -4.5  0.0
7.6875  7.916666666666667  -4.5  -4.166666666666667  0.0
7.6875  7.916666666666667  -4.166666666666667  -3.8333333333333335  0.0
7.6875  7.916666666666667  -3.8333333333333335  -3.5  0.0
7.6875  7.916666666666667  -3.5  -3.166666666666667  1.495674040565145e-05
7.6875  7.916666666666667  -3.166666666666667  -2.8333333333333335  2.067377374631482e-05
7.6875  7.916666666666667  -2.8333333333333335  -2.5  1.3116637894886738e-05
7.6875  7.916666666666667  -2.5  -2.166666666666667  1.2880432033118636e-05
7.6875  7.916666666666667  -2.166666666666667  -1.8333333333333335  1.7198787834165534e-05
7.6875  7.916666666666667  -1.8333333333333335  -1.5  2.775144569149866e-05
7.6875  7.916666666666667  -1.5  -1.166666666666667  5.07127340656785e-05
7.6875  7.916666666666667  -1.166666666666667  -0.8333333333333339  9.392007252846186e-05
7.6875  7.916666666666667  -0.8333333333333339  -0.5  6.170600900364518e-05
7.6875  7.916666666666667  -0.5  -0.16666666666666696  5.0728429982870604e-05
7.6875  7.916666666666667  -0.16666666666666696  0.16666666666666607  2.0285365528414956e-05
7.6875  7.916666666666667  0.16666666666666607  0.5  1.2925347609346335e-06
7.6875  7.916666666666667  0.5  0.833333333333333  0.0
7.6875  7.916666666666667  0.833333333333333  1.166666666666666  0.0
7.6875  7.916666666666667  1.166666666666666  1.5  0.0
7.6875  7.916666666666667  1.5  1.833333333333333  0.0
7.6875  7.916666666666667  1.833333333333333  2.166666666666666  0.0
7.6875  7.916666666666667  2.166666666666666  2.5  0.0
7.916666666666667  8.145833333333334  -5.5  -5.166666666666667  0.0
7.916666666666667  8.145833333333334  -5.166666666666667  -4.833333333333333  0.0
7.916666666666667  8.145833333333334  -4.833333333333333  -4.5  0.0
7.916666666666667  8.145833333333334  -4.5  -4.166666666666667  0.0
7.916666666666667  8.145833333333334  -4.166666666666667  -3.8333333333333335  0.0
7.916666666666667  8.145833333333334  -3.8333333333333335  -3.5  0.0
7.916666666666667  8.145833333333334  -3.5  -3.166666666666667  2.0340538734670537e-05
7.916666666666667  8.145833333333334  -3.166666666666667  -2.8333333333333335  3.799160307828575e-05
7.916666666666667  8.145833333333334  -2.8333333333333335  -2.5  1.8001669397128446e-05
7.916666666666667  8.145833333333334  -2.5  -2.166666666666667  2.020768769892021e-05
7.916666666666667  8.145833333333334  -2.166666666666667  -1.8333333333333335  4.278605373689638e-05
7.916666666666667  8.145833333333334  -1.8333333333333335  -1.5  3.008960882565711e-05
7.916666666666667  8.145833333333334  -1.5  -1.166666666666667  4.5982365713800383e-05
7.916666666666667  8.145833333333334  -1.166666666666667  -0.8333333333333339  0.00016283193773293766
7.916666666666667  8.145833333333334  -0.8333333333333339  -0.5  8.168189661332313e-05
7.916666666666667  8.145833333333334  -0.5  -0.16666666666666696  0.0001049360180547037
7.916666666666667  8.145833333333334  -0.16666666666666696  0.16666666666666607  6.37497273675883e-05
7.916666666666667  8.145833333333334  0.16666666666666607  0.5  0.00010821397834284135
7.916666666666667  8.145833333333334  0.5  0.833333333333333  8.744556160385205e-06
7.916666666666667  8.145833333333334  0.833333333333333  1.166666666666666  0.0
7.916666666666667  8.145833333333334  1.166666666666666  1.5  0.0
7.916666666666667  8.145833333333334  1.5  1.833333333333333  0.0
7.916666666666667  8.145833333333334  1.833333333333333  2.166666666666666  0.0
7.916666666666667  8.145833333333334  2.166666666666666  2.5  0.0
8.145833333333334  8.375  -5.5  -5.166666666666667  0.0
8.145833333333334  8.375  -5.166666666666667  -4.833333333333333  0.0
8.145833333333334  8.375  -4.833333333333333  -4.5  0.0
8.145833333333334  8.375  -4.5  -4.166666666666667  0.0
8.145833333333334  8.375  -4.166666666666667  -3.8333333333333335  0.0
8.145833333333334  8.375  -3.8333333333333335  -3.5  0.0
8.145833333333334  8.375  -3.5  -3.166666666666667  3.833780519464938e-05
8.145833333333334  8.375  -3.166666666666667  -2.8333333333333335  4.6512862137253486e-05
8.145833333333334  8.375  -2.8333333333333335  -2.5  2.8181757631931147e-05
8.145833333333334  8.375  -2.5  -2.166666666666667  4.016786820058331e-05
8.145833333333334  8.375  -2.166666666666667  -1.8333333333333335  4.7049843302172786e-05
8.145833333333334  8.375  -1.8333333333333335  -1.5  4.435401706077343e-05
8.145833333333334  8.375  -1.5  -1.166666666666667  6.893576683272915e-05
8.145833333333334  8.375  -1.166666666666667  -0.8333333333333339  9.997906589411415e-05
8.145833333333334  8.375  -0.8333333333333339  -0.5  6.2309062553686e-05
8.145833333333334  8.375  -0.5  -0.16666666666666696  0.00023615758077979632
8.145833333333334  8.375  -0.16666666666666696  0.16666666666666607  6.495760335471781e-05
8.145833333333334  8.375  0.16666666666666607  0.5  0.0
8.145833333333334  8.375  0.5  0.833333333333333  1.232695188667313e-05
8.145833333333334  8.375  0.833333333333333  1.166666666666666  0.0
8.145833333333334  8.375  1.166666666666666  1.5  0.0
8.145833333333334  8.375  1.5  1.833333333333333  0.0
8.145833333333334  8.375  1.833333333333333  2.166666666666666  0.0
8.145833333333334  8.375  2.166666666666666  2.5  0.0
8.375  8.604166666666666  -5.5  -5.166666666666667  0.0
8.375  8.604166666666666  -5.166666666666667  -4.833333333333333  0.0
8.375  8.604166666666666  -4.833333333333333  -4.5  0.0
8.375  8.604166666666666  -4.5  -4.166666666666667  0.0
8.375  8.604166666666666  -4.166666666666667  -3.8333333333333335  0.0
8.375  8.604166666666666  -3.8333333333333335  -3.5  0.0
8.375  8.604166666666666  -3.5  -3.166666666666667  5.391688736936256e-05
8.375  8.604166666666666  -3.166666666666667  -2.8333333333333335  7.803414093696347e-05
8.375  8.604166666666666  -2.8333333333333335  -2.5  5.579948711528319e-05
8.375  8.604166666666666  -2.5  -2.166666666666667  8.88436521539187e-05
8.375  8.604166666666666  -2.166666666666667  -1.8333333333333335  6.743444630571487e-05
8.375  8.604166666666666  -1.8333333333333335  -1.5  9.22263635376258e-05
8.375  8.604166666666666  -1.5  -1.166666666666667  0.00013530336025618087
8.375  8.604166666666666  -1.166666666666667  -0.8333333333333339  0.00011269185478538299
8.375  8.604166666666666  -0.8333333333333339  -0.5  0.00020196860322517452
8.375  8.604166666666666  -0.5  -0.16666666666666696  0.00025466439244927966
8.375  8.604166666666666  -0.16666666666666696  0.16666666666666607  0.0
8.375  8.604166666666666  0.16666666666666607  0.5  0.00011877177981276709
8.375  8.604166666666666  0.5  0.833333333333333  2.76219465577335e-05
8.375  8.604166666666666  0.833333333333333  1.166666666666666  0.0
8.375  8.604166666666666  1.166666666666666  1.5  0.0
8.375  8.604166666666666  1.5  1.833333333333333  0.0
8.375  8.604166666666666  1.833333333333333  2.166666666666666  0.0
8.375  8.604166666666666  2.166666666666666  2.5  0.0
8.604166666666666  8.833333333333334  -5.5  -5.166666666666667  0.0
8.604166666666666  8.833333333333334  -5.166666666666667  -4.833333333333333  0.0
8.604166666666666  8.833333333333334  -4.833333333333333  -4.5  0.0
8.604166666666666  8.833333333333334  -4.5  -4.166666666666667  0.0
8.604166666666666  8.833333333333334  -4.166666666666667  -3.8333333333333335  0.0
8.604166666666666  8.833333333333334  -3.8333333333333335  -3.5  0.0
8.604166666666666  8.833333333333334  -3.5  -3.166666666666667  7.843931330879263e-05
8.604166666666666  8.833333333333334  -3.166666666666667  -2.8333333333333335  0.00012641477960710146
8.604166666666666  8.833333333333334  -2.8333333333333335  -2.5  8.544173996920437e-05
8.604166666666666  8.833333333333334  -2.5  -2.166666666666667  9.65458298237352e-05
8.604166666666666  8.833333333333334  -2.166666666666667  -1.8333333333333335  9.48043848714992e-05
8.604166666666666  8.833333333333334  -1.8333333333333335  -1.5  0.00011180284624704687
8.604166666666666  8.833333333333334  -1.5  -1.166666666666667  0.0002727206430740885
8.604166666666666  8.833333333333334  -1.166666666666667  -0.8333333333333339  0.00023347789303577012
8.604166666666666  8.833333333333334  -0.8333333333333339  -0.5  0.00032285038388403883
8.604166666666666  8.833333333333334  -0.5  -0.16666666666666696  0.00034397656302766915
8.604166666666666  8.833333333333334  -0.16666666666666696  0.16666666666666607  0.0002957522571070191
8.604166666666666  8.833333333333334  0.16666666666666607  0.5  0.00029612052947198614
8.604166666666666  8.833333333333334  0.5  0.833333333333333  0.0
8.604166666666666  8.833333333333334  0.833333333333333  1.166666666666666  0.0
8.604166666666666  8.833333333333334  1.166666666666666  1.5  0.0
8.604166666666666  8.833333333333334  1.5  1.833333333333333  0.0
8.604166666666666  8.833333333333334  1.833333333333333  2.166666666666666  0.0
8.604166666666666  8.833333333333334  2.166666666666666  2.5  0.0
8.833333333333334  9.0625  -5.5  -5.166666666666667  0.0
8.833333333333334  9.0625  -5.166666666666667  -4.833333333333333  0.0
8.833333333333334  9.0625  -4.833333333333333  -4.5  0.0
8.833333333333334  9.0625  -4.5  -4.166666666666667  0.0
8.833333333333334  9.0625  -4.166666666666667  -3.8333333333333335  0.0
8.833333333333334  9.0625  -3.8333333333333335  -3.5  0.0
8.833333333333334  9.0625  -3.5  -3.166666666666667  0.00010203843862700165
8.833333333333334  9.0625  -3.166666666666667  -2.8333333333333335  0.00017786836122792512
8.833333333333334  9.0625  -2.8333333333333335  -2.5  0.00013724121440316243
8.833333333333334  9.0625  -2.5  -2.166666666666667  0.0001165319258105965
8.833333333333334  9.0625  -2.166666666666667  -1.8333333333333335  0.00013080126987840505
8.833333333333334  9.0625  -1.8333333333333335  -1.5  0.0001716986322087202
8.833333333333334  9.0625  -1.5  -1.166666666666667  0.00018650184142543846
8.833333333333334  9.0625  -1.166666666666667  -0.8333333333333339  0.0004325665230076207
8.833333333333334  9.0625  -0.8333333333333339  -0.5  0.0003206959471666852
8.833333333333334  9.0625  -0.5  -0.16666666666666696  0.0007782160185696588
8.833333333333334  9.0625  -0.16666666666666696  0.16666666666666607  0.0006420593771092488
8.833333333333334  9.0625  0.16666666666666607  0.5  0.0
8.833333333333334  9.0625  0.5  0.833333333333333  0.0
8.833333333333334  9.0625  0.833333333333333  1.166666666666666  0.0
8.833333333333334  9.0625  1.166666666666666  1.5  0.0
8.833333333333334  9.0625  1.5  1.833333333333333  0.0
8.833333333333334  9.0625  1.833333333333333  2.166666666666666  0.0
8.833333333333334  9.0625  2.166666666666666  2.5  0.0
9.0625  9.291666666666666  -5.5  -5.166666666666667  0.0
9.0625  9.291666666666666  -5.166666666666667  -4.833333333333333  0.0
9.0625  9.291666666666666  -4.833333333333333  -4.5  0.0
9.0625  9.291666666666666  -4.5  -4.166666666666667  0.0
9.0625  9.291666666666666  -4.166666666666667  -3.8333333333333335  0.0
9.0625  9.291666666666666  -3.8333333333333335  -3.5  0.0
9.0625  9.291666666666666  -3.5  -3.166666666666667  0.0
9.0625  9.291666666666666  -3.166666666666667  -2.8333333333333335  0.00019756907881188603
9.0625  9.291666666666666  -2.8333333333333335  -2.5  0.0002209449451143241
9.0625  9.291666666666666  -2.5  -2.166666666666667  0.00017068635811979713
9.0625  9.291666666666666  -2.166666666666667  -1.8333333333333335  0.00018317639724765186
9.0625  9.291666666666666  -1.8333333333333335  -1.5  0.00024046040134566694
9.0625  9.291666666666666  -1.5  -1.166666666666667  0.00022592688709009565
9.0625  9.291666666666666  -1.166666666666667  -0.8333333333333339  0.0003251461528022357
9.0625  9.291666666666666  -0.8333333333333339  -0.5  0.0004875788411632914
9.0625  9.291666666666666  -0.5  -0.16666666666666696  0.0006184717285080205
9.0625  9.291666666666666  -0.16666666666666696  0.16666666666666607  0.0007726393972695485
9.0625  9.291666666666666  0.16666666666666607  0.5  0.0
9.0625  9.291666666666666  0.5  0.833333333333333  0.0
9.0625  9.291666666666666  0.833333333333333  1.166666666666666  0.0
9.0625  9.291666666666666  1.166666666666666  1.5  0.0
9.0625  9.291666666666666  1.5  1.833333333333333  0.0
9.0625  9.291666666666666  1.833333333333333  2.166666666666666  0.0
9.0625  9.291666666666666  2.166666666666666  2.5  0.0
9.291666666666666  9.520833333333332  -5.5  -5.166666666666667  0.0
9.291666666666666  9.520833333333332  -5.166666666666667  -4.833333333333333  0.0
9.291666666666666  9.520833333333332  -4.833333333333333  -4.5  0.0
9.291666666666666  9.520833333333332  -4.5  -4.166666666666667  0.0
9.291666666666666  9.520833333333332  -4.166666666666667  -3.8333333333333335  0.0
9.291666666666666  9.520833333333332  -3.8333333333333335  -3.5  0.0
9.291666666666666  9.520833333333332  -3.5  -3.166666666666667  5.447794659047638e-05
9.291666666666666  9.520833333333332  -3.166666666666667  -2.8333333333333335  0.00022798627285622666
9.291666666666666  9.520833333333332  -2.8333333333333335  -2.5  0.00018383724055438935
9.291666666666666  9.520833333333332  -2.5  -2.166666666666667  0.0003154763463743239
9.291666666666666  9.520833333333332  -2.166666666666667  -1.8333333333333335  0.0002225438418891517
9.291666666666666  9.520833333333332  -1.8333333333333335  -1.5  0.0002689108287754535
9.291666666666666  9.520833333333332  -1.5  -1.166666666666667  0.00030253084500370597
9.291666666666666  9.520833333333332  -1.166666666666667  -0.8333333333333339  0.00044663638897211963
9.291666666666666  9.520833333333332  -0.8333333333333339  -0.5  0.0006434526714246295
9.291666666666666  9.520833333333332  -0.5  -0.16666666666666696  0.0008435231189702378
9.291666666666666  9.520833333333332  -0.16666666666666696  0.16666666666666607  0.0013074743712885271
9.291666666666666  9.520833333333332  0.16666666666666607  0.5  0.0006235762146632394
9.291666666666666  9.520833333333332  0.5  0.833333333333333  0.0
9.291666666666666  9.520833333333332  0.833333333333333  1.166666666666666  0.0
9.291666666666666  9.520833333333332  1.166666666666666  1.5  0.0
9.291666666666666  9.520833333333332  1.5  1.833333333333333  0.0
9.291666666666666  9.520833333333332  1.833333333333333  2.166666666666666  0.0
9.291666666666666  9.520833333333332  2.166666666666666  2.5  0.0
9.520833333333332  9.75  -5.5  -5.166666666666667  0.0
9.520833333333332  9.75  -5.166666666666667  -4.833333333333333  0.0
9.520833333333332  9.75  -4.833333333333333  -4.5  0.0
9.520833333333332  9.75  -4.5  -4.166666666666667  0.0
9.520833333333332  9.75  -4.166666666666667  -3.8333333333333335  0.0
9.520833333333332  9.75  -3.8333333333333335  -3.5  0.0
9.520833333333332  9.75  -3.5  -3.166666666666667  0.0
9.520833333333332  9.75  -3.166666666666667  -2.8333333333333335  0.00032711615176109465
9.520833333333332  9.75  -2.8333333333333335  -2.5  0.0002798253694156715
9.520833333333332  9.75  -2.5  -2.166666666666667  0.00030637196046072343
9.520833333333332  9.75  -2.166666666666667  -1.8333333333333335  0.0005016517245618704
9.520833333333332  9.75  -1.8333333333333335  -1.5  0.0006318798161236901
9.520833333333332  9.75  -1.5  -1.166666666666667  0.00039808282191395255
9.520833333333332  9.75  -1.166666666666667  -0.8333333333333339  0.000557067185809874
9.520833333333332  9.75  -0.8333333333333339  -0.5  0.0009229922221534792
9.520833333333332  9.75  -0.5  -0.16666666666666696  0.0012110845960643108
9.520833333333332  9.75  -0.16666666666666696  0.16666666666666607  0.0011373335251637386
9.520833333333332  9.75  0.16666666666666607  0.5  0.002008198249400642
9.520833333333332  9.75  0.5  0.833333333333333  0.0
9.520833333333332  9.75  0.833333333333333  1.166666666666666  0.0
9.520833333333332  9.75  1.166666666666666  1.5  0.0
9.520833333333332  9.75  1.5  1.833333333333333  0.0
9.520833333333332  9.75  1.833333333333333  2.166666666666666  0.0
9.520833333333332  9.75  2.166666666666666  2.5  0.0
9.75  9.979166666666666  -5.5  -5.166666666666667  0.0
9.75  9.979166666666666  -5.166666666666667  -4.833333333333333  0.0
9.75  9.979166666666666  -4.833333333333333  -4.5  0.0
9.75  9.979166666666666  -4.5  -4.166666666666667  0.0
9.75  9.979166666666666  -4.166666666666667  -3.8333333333333335  0.0
9.75  9.979166666666666  -3.8333333333333335  -3.5  0.0
9.75  9.979166666666666  -3.5  -3.166666666666667  9.842412846233161e-05
9.75  9.979166666666666  -3.166666666666667  -2.8333333333333335  0.0
9.75  9.979166666666666  -2.8333333333333335  -2.5  0.0004780047919967585
9.75  9.979166666666666  -2.5  -2.166666666666667  0.0010228976775870265
9.75  9.979166666666666  -2.166666666666667  -1.8333333333333335  0.0005052213443039075
9.75  9.979166666666666  -1.8333333333333335  -1.5  0.0007517216433237827
9.75  9.979166666666666  -1.5  -1.166666666666667  0.0006650663349389912
9.75  9.979166666666666  -1.166666666666667  -0.8333333333333339  0.0007906010967090566
9.75  9.979166666666666  -0.8333333333333339  -0.5  0.0010655546446634695
9.75  9.979166666666666  -0.5  -0.16666666666666696  0.0016669794761153718
9.75  9.979166666666666  -0.16666666666666696  0.16666666666666607  0.0021794048986606028
9.75  9.979166666666666  0.16666666666666607  0.5  0.002361787218400485
9.75  9.979166666666666  0.5  0.833333333333333  0.0
9.75  9.979166666666666  0.833333333333333  1.166666666666666  0.001207689755464071
9.75  9.979166666666666  1.166666666666666  1.5  0.0
9.75  9.979166666666666  1.5  1.833333333333333  0.0
9.75  9.979166666666666  1.833333333333333  2.166666666666666  0.0
9.75  9.979166666666666  2.166666666666666  2.5  0.0
9.979166666666666  10.208333333333332  -5.5  -5.166666666666667  0.0
9.979166666666666  10.208333333333332  -5.166666666666667  -4.833333333333333  0.0
9.979166666666666  10.208333333333332  -4.833333333333333  -4.5  0.0
9.979166666666666  10.208333333333332  -4.5  -4.166666666666667  0.0
9.979166666666666  10.208333333333332  -4.166666666666667  -3.8333333333333335  0.0
9.979166666666666  10.208333333333332  -3.8333333333333335  -3.5  0.0
9.979166666666666  10.208333333333332  -3.5  -3.166666666666667  0.0
9.979166666666666  10.208333333333332  -3.166666666666667  -2.8333333333333335  0.00024677839602268406
9.979166666666666  10.208333333333332  -2.8333333333333335  -2.5  0.0003071081026160018
9.979166666666666  10.208333333333332  -2.5  -2.166666666666667  0.0007442502715860965
9.979166666666666  10.208333333333332  -2.166666666666667  -1.8333333333333335  0.0012171792955231718
9.979166666666666  10.208333333333332  -1.8333333333333335  -1.5  0.0013337123983430423
9.979166666666666  10.208333333333332  -1.5  -1.166666666666667  0.0012760227887880303
9.979166666666666  10.208333333333332  -1.166666666666667  -0.8333333333333339  0.0014088642001784681
9.979166666666666  10.208333333333332  -0.8333333333333339  -0.5  0.0015084609054360038
9.979166666666666  10.208333333333332  -0.5  -0.16666666666666696  0.002457057652749276
9.979166666666666  10.208333333333332  -0.16666666666666696  0.16666666666666607  0.0029944960719929946
9.979166666666666  10.208333333333332  0.16666666666666607  0.5  0.002815456172810711
9.979166666666666  10.208333333333332  0.5  0.833333333333333  0.004546388788614412
9.979166666666666  10.208333333333332  0.833333333333333  1.166666666666666  0.0
9.979166666666666  10.208333333333332  1.166666666666666  1.5  0.0
9.979166666666666  10.208333333333332  1.5  1.833333333333333  0.0
9.979166666666666  10.208333333333332  1.833333333333333  2.166666666666666  0.0
9.979166666666666  10.208333333333332  2.166666666666666  2.5  0.0
10.208333333333332  10.4375  -5.5  -5.166666666666667  0.0
10.208333333333332  10.4375  -5.166666666666667  -4.833333333333333  0.0
10.208333333333332  10.4375  -4.833333333333333  -4.5  0.0
10.208333333333332  10.4375  -4.5  -4.166666666666667  0.0
10.208333333333332  10.4375  -4.166666666666667  -3.8333333333333335  0.0
10.208333333333332  10.4375  -3.8333333333333335  -3.5  0.0
10.208333333333332  10.4375  -3.5  -3.166666666666667  0.0
10.208333333333332  10.4375  -3.166666666666667  -2.8333333333333335  0.0003840693305450834
10.208333333333332  10.4375  -2.8333333333333335  -2.5  0.0008488997941658921
10.208333333333332  10.4375  -2.5  -2.166666666666667  0.00034598152797477835
10.208333333333332  10.4375  -2.166666666666667  -1.8333333333333335  0.001386740419189186
10.208333333333332  10.4375  -1.8333333333333335  -1.5  0.0015284835436960445
10.208333333333332  10.4375  -1.5  -1.166666666666667  0.0017001316345643998
10.208333333333332  10.4375  -1.166666666666667  -0.8333333333333339  0.002369267661379248
10.208333333333332  10.4375  -0.8333333333333339  -0.5  0.0025110160830939766
10.208333333333332  10.4375  -0.5  -0.16666666666666696  0.0025545951358169113
10.208333333333332  10.4375  -0.16666666666666696  0.16666666666666607  0.003568730721223063
10.208333333333332  10.4375  0.16666666666666607  0.5  0.005220034689886705
10.208333333333332  10.4375  0.5  0.833333333333333  0.006732774355933557
10.208333333333332  10.4375  0.833333333333333  1.166666666666666  0.0
10.208333333333332  10.4375  1.166666666666666  1.5  0.0
10.208333333333332  10.4375  1.5  1.833333333333333  0.0
10.208333333333332  10.4375  1.833333333333333  2.166666666666666  0.0
10.208333333333332  10.4375  2.166666666666666  2.5  0.0
10.4375  10.666666666666666  -5.5  -5.166666666666667  0.0
10.4375  10.666666666666666  -5.166666666666667  -4.833333333333333  0.0
10.4375  10.666666666666666  -4.833333333333333  -4.5  0.0
10.4375  10.666666666666666  -4.5  -4.166666666666667  0.0
10.4375  10.666666666666666  -4.166666666666667  -3.8333333333333335  0.0
10.4375  10.666666666666666  -3.8333333333333335  -3.5  0.0
10.4375  10.666666666666666  -3.5  -3.166666666666667  0.0
10.4375  10.666666666666666  -3.166666666666667  -2.8333333333333335  0.0025578363429644216
10.4375  10.666666666666666  -2.8333333333333335  -2.5  0.0010817247388286
10.4375  10.666666666666666  -2.5  -2.166666666666667  0.0007052370620871022
10.4375  10.666666666666666  -2.166666666666667  -1.8333333333333335  0.0013376940145365629
10.4375  10.666666666666666  -1.8333333333333335  -1.5  0.0026875397216306533
10.4375  10.666666666666666  -1.5  -1.166666666666667  0.0026459745752149925
10.4375  10.666666666666666  -1.166666666666667  -0.8333333333333339  0.0024223110633790393
10.4375  10.666666666666666  -0.8333333333333339  -0.5  0.003643930419761461
10.4375  10.666666666666666  -0.5  -0.16666666666666696  0.004215243945039833
10.4375  10.666666666666666  -0.16666666666666696  0.16666666666666607  0.0044514083927638965
10.4375  10.666666666666666  0.16666666666666607  0.5  0.006410254398397371
10.4375  10.666666666666666  0.5  0.833333333333333  0.010418334350408443
10.4375  10.666666666666666  0.833333333333333  1.166666666666666  0.0
10.4375  10.666666666666666  1.166666666666666  1.5  0.0
10.4375  10.666666666666666  1.5  1.833333333333333  0.0
10.4375  10.666666666666666  1.833333333333333  2.166666666666666  0.0
10.4375  10.666666666666666  2.166666666666666  2.5  0.0
10.666666666666666  10.895833333333332  -5.5  -5.166666666666667  0.0
10.666666666666666  10.895833333333332  -5.166666666666667  -4.833333333333333  0.0
10.666666666666666  10.895833333333332  -4.833333333333333  -4.5  0.0
10.666666666666666  10.895833333333332  -4.5  -4.166666666666667  0.0
10.666666666666666  10.895833333333332  -4.166666666666667  -3.8333333333333335  0.0
10.666666666666666  10.895833333333332  -3.8333333333333335  -3.5  0.0
10.666666666666666  10.895833333333332  -3.5  -3.166666666666667  0.0
10.666666666666666  10.895833333333332  -3.166666666666667  -2.8333333333333335  0.001640130868307979
10.666666666666666  10.895833333333332  -2.8333333333333335  -2.5  0.002250700631280536
10.666666666666666  10.895833333333332  -2.5  -2.166666666666667  0.0029714000997852303
10.666666666666666  10.895833333333332  -2.166666666666667  -1.8333333333333335  0.0026056481428633764
10.666666666666666  10.895833333333332  -1.8333333333333335  -1.5  0.003468372335777613
10.666666666666666  10.895833333333332  -1.5  -1.166666666666667  0.0037936286619044326
10.666666666666666  10.895833333333332  -1.166666666666667  -0.8333333333333339  0.0039617277161021775
10.666666666666666  10.895833333333332  -0.8333333333333339  -0.5  0.004848132335371318
10.666666666666666  10.895833333333332  -0.5  -0.16666666666666696  0.004387002035891066
10.666666666666666  10.895833333333332  -0.16666666666666696  0.16666666666666607  0.0057273204304230385
10.666666666666666  10.895833333333332  0.16666666666666607  0.5  0.008386807214010732
10.666666666666666  10.895833333333332  0.5  0.833333333333333  0.011988325999634813
10.666666666666666  10.895833333333332  0.833333333333333  1.166666666666666  0.007522331222158137
10.666666666666666  10.895833333333332  1.166666666666666  1.5  0.0
10.666666666666666  10.895833333333332  1.5  1.833333333333333  0.0
10.666666666666666  10.895833333333332  1.833333333333333  2.166666666666666  0.0
10.666666666666666  10.895833333333332  2.166666666666666  2.5  0.0
10.895833333333332  11.125  -5.5  -5.166666666666667  0.0
10.895833333333332  11.125  -5.166666666666667  -4.833333333333333  0.0
10.895833333333332  11.125  -4.833333333333333  -4.5  0.0
10.895833333333332  11.125  -4.5  -4.166666666666667  0.0
10.895833333333332  11.125  -4.166666666666667  -3.8333333333333335  0.0
10.895833333333332  11.125  -3.8333333333333335  -3.5  0.0
10.895833333333332  11.125  -3.5  -3.166666666666667  0.0
10.895833333333332  11.125  -3.166666666666667  -2.8333333333333335  0.0009150667390838051
10.895833333333332  11.125  -2.8333333333333335  -2.5  0.0
10.895833333333332  11.125  -2.5  -2.166666666666667  0.0020465612431337207
10.895833333333332  11.125  -2.166666666666667  -1.8333333333333335  0.0021841922593510673
10.895833333333332  11.125  -1.8333333333333335  -1.5  0.002310603738450645
10.895833333333332  11.125  -1.5  -1.166666666666667  0.004120072991329835
10.895833333333332  11.125  -1.166666666666667  -0.8333333333333339  0.007470876023079696
10.895833333333332  11.125  -0.8333333333333339  -0.5  0.007082148404972623
10.895833333333332  11.125  -0.5  -0.16666666666666696  0.007119870437759773
10.895833333333332  11.125  -0.16666666666666696  0.16666666666666607  0.00886905245494155
10.895833333333332  11.125  0.16666666666666607  0.5  0.009491502579002666
10.895833333333332  11.125  0.5  0.833333333333333  0.013655934137542602
10.895833333333332  11.125  0.833333333333333  1.166666666666666  0.008319062509284126
10.895833333333332  11.125  1.166666666666666  1.5  0.0
10.895833333333332  11.125  1.5  1.833333333333333  0.0
10.895833333333332  11.125  1.833333333333333  2.166666666666666  0.0
10.895833333333332  11.125  2.166666666666666  2.5  0.0
11.125  11.354166666666666  -5.5  -5.166666666666667  0.0
11.125  11.354166666666666  -5.166666666666667  -4.833333333333333  0.0
11.125  11.354166666666666  -4.833333333333333  -4.5  0.0
11.125  11.354166666666666  -4.5  -4.166666666666667  0.0
11.125  11.354166666666666  -4.166666666666667  -3.8333333333333335  0.0
11.125  11.354166666666666  -3.8333333333333335  -3.5  0.0
11.125  11.354166666666666  -3.5  -3.166666666666667  0.0
11.125  11.354166666666666  -3.166666666666667  -2.8333333333333335  0.0
11.125  11.354166666666666  -2.8333333333333335  -2.5  0.0
11.125  11.354166666666666  -2.5  -2.166666666666667  0.001714571296207448
11.125  11.354166666666666  -2.166666666666667  -1.8333333333333335  0.00233839263627632
11.125  11.354166666666666  -1.8333333333333335  -1.5  0.0011263243650095956
11.125  11.354166666666666  -1.5  -1.166666666666667  0.006974870017204386
11.125  11.354166666666666  -1.166666666666667  -0.8333333333333339  0.016338012839399722
11.125  11.354166666666666  -0.8333333333333339  -0.5  0.012016823021480822
11.125  11.354166666666666  -0.5  -0.16666666666666696  0.0081417211056512
11.125  11.354166666666666  -0.16666666666666696  0.16666666666666607  0.011013875865948377
11.125  11.354166666666666  0.16666666666666607  0.5  0.013130078836940628
11.125  11.354166666666666  0.5  0.833333333333333  0.01716524144120004
11.125  11.354166666666666  0.833333333333333  1.166666666666666  0.015352447812827314
11.125  11.354166666666666  1.166666666666666  1.5  0.0
11.125  11.354166666666666  1.5  1.833333333333333  0.0
11.125  11.354166666666666  1.833333333333333  2.166666666666666  0.0
11.125  11.354166666666666  2.166666666666666  2.5  0.0
11.354166666666666  11.583333333333332  -5.5  -5.166666666666667  0.0
11.354166666666666  11.583333333333332  -5.166666666666667  -4.833333333333333  0.0
11.354166666666666  11.583333333333332  -4.833333333333333  -4.5  0.0
11.354166666666666  11.583333333333332  -4.5  -4.166666666666667  0.0
11.354166666666666  11.583333333333332  -4.166666666666667  -3.8333333333333335  0.0
11.354166666666666  11.583333333333332  -3.8333333333333335  -3.5  0.0
11.354166666666666  11.583333333333332  -3.5  -3.166666666666667  0.0
11.354166666666666  11.583333333333332  -3.166666666666667  -2.8333333333333335  0.0
11.354166666666666  11.583333333333332  -2.8333333333333335  -2.5  0.0
11.354166666666666  11.583333333333332  -2.5  -2.166666666666667  0.0
11.354166666666666  11.583333333333332  -2.166666666666667  -1.8333333333333335  0.0
11.354166666666666  11.583333333333332  -1.8333333333333335  -1.5  0.0031200059014925593
11.354166666666666  11.583333333333332  -1.5  -1.166666666666667  0.0
11.354166666666666  11.583333333333332  -1.166666666666667  -0.8333333333333339  0.006754752332265957
11.354166666666666  11.583333333333332  -0.8333333333333339  -0.5  0.00942366975411752
11.354166666666666  11.583333333333332  -0.5  -0.16666666666666696  0.006092948616117674
11.354166666666666  11.583333333333332  -0.16666666666666696  0.16666666666666607  0.013996789173812004
11.354166666666666  11.583333333333332  0.16666666666666607  0.5  0.018956565725234627
11.354166666666666  11.583333333333332  0.5  0.833333333333333  0.022719343824694198
11.354166666666666  11.583333333333332  0.833333333333333  1.166666666666666  0.016339917181035522
11.354166666666666  11.583333333333332  1.166666666666666  1.5  0.0
11.354166666666666  11.583333333333332  1.5  1.833333333333333  0.0
11.354166666666666  11.583333333333332  1.833333333333333  2.166666666666666  0.0
11.354166666666666  11.583333333333332  2.166666666666666  2.5  0.0
11.583333333333332  11.8125  -5.5  -5.166666666666667  0.0
11.583333333333332  11.8125  -5.166666666666667  -4.833333333333333  0.0
11.583333333333332  11.8125  -4.833333333333333  -4.5  0.0
11.583333333333332  11.8125  -4.5  -4.166666666666667  0.0
11.583333333333332  11.8125  -4.166666666666667  -3.8333333333333335  0.0
11.583333333333332  11.8125  -3.8333333333333335  -3.5  0.0
11.583333333333332  11.8125  -3.5  -3.166666666666667  0.0
11.583333333333332  11.8125  -3.166666666666667  -2.8333333333333335  0.0
11.583333333333332  11.8125  -2.8333333333333335  -2.5  0.0
11.583333333333332  11.8125  -2.5  -2.166666666666667  0.0
11.583333333333332  11.8125  -2.166666666666667  -1.8333333333333335  0.0
11.583333333333332  11.8125  -1.8333333333333335  -1.5  0.004898596731696682
11.583333333333332  11.8125  -1.5  -1.166666666666667  0.0
11.583333333333332  11.8125  -1.166666666666667  -0.8333333333333339  0.0
11.583333333333332  11.8125  -0.8333333333333339  -0.5  0.0
11.583333333333332  11.8125  -0.5  -0.16666666666666696  0.01184517881705572
11.583333333333332  11.8125  -0.16666666666666696  0.16666666666666607  0.01594352915322759
11.583333333333332  11.8125  0.16666666666666607  0.5  0.015299118463410023
11.583333333333332  11.8125  0.5  0.833333333333333  0.03395822253567781
11.583333333333332  11.8125  0.833333333333333  1.166666666666666  0.04352305700250127
11.583333333333332  11.8125  1.166666666666666  1.5  0.01794870879965563
11.583333333333332  11.8125  1.5  1.833333333333333  0.00930323436426986
11.583333333333332  11.8125  1.833333333333333  2.166666666666666  0.0
11.583333333333332  11.8125  2.166666666666666  2.5  0.0
11.8125  12.041666666666666  -5.5  -5.166666666666667  0.0
11.8125  12.041666666666666  -5.166666666666667  -4.833333333333333  0.0
11.8125  12.041666666666666  -4.833333333333333  -4.5  0.0
11.8125  12.041666666666666  -4.5  -4.166666666666667  0.0
11.8125  12.041666666666666  -4.166666666666667  -3.8333333333333335  0.0
11.8125  12.041666666666666  -3.8333333333333335  -3.5  0.0
11.8125  12.041666666666666  -3.5  -3.166666666666667  0.0
11.8125  12.041666666666666  -3.166666666666667  -2.8333333333333335  0.0
11.8125  12.041666666666666  -2.8333333333333335  -2.5  0.0
11.8125  12.041666666666666  -2.5  -2.166666666666667  0.0
11.8125  12.041666666666666  -2.166666666666667  -1.8333333333333335  0.0
11.8125  12.041666666666666  -1.8333333333333335  -1.5  0.0
11.8125  12.041666666666666  -1.5  -1.166666666666667  0.0
11.8125  12.041666666666666  -1.166666666666667  -0.8333333333333339  0.0
11.8125  12.041666666666666  -0.8333333333333339  -0.5  0.0
11.8125  12.041666666666666  -0.5  -0.16666666666666696  0.0
11.8125  12.041666666666666  -0.16666666666666696  0.16666666666666607  0.008651270256544679
11.8125  12.041666666666666  0.16666666666666607  0.5  0.0
11.8125  12.041666666666666  0.5  0.833333333333333  0.0
11.8125  12.041666666666666  0.833333333333333  1.166666666666666  0.03830412598597428
11.8125  12.041666666666666  1.166666666666666  1.5  0.020044989353115508
11.8125  12.041666666666666  1.5  1.833333333333333  0.0
11.8125  12.041666666666666  1.833333333333333  2.166666666666666  0.0
11.8125  12.041666666666666  2.166666666666666  2.5  0.0
12.041666666666666  12.270833333333332  -5.5  -5.166666666666667  0.0
12.041666666666666  12.270833333333332  -5.166666666666667  -4.833333333333333  0.0
12.041666666666666  12.270833333333332  -4.833333333333333  -4.5  0.0
12.041666666666666  12.270833333333332  -4.5  -4.166666666666667  0.0
12.041666666666666  12.270833333333332  -4.166666666666667  -3.8333333333333335  0.0
12.041666666666666  12.270833333333332  -3.8333333333333335  -3.5  0.0
12.041666666666666  12.270833333333332  -3.5  -3.166666666666667  0.0
12.041666666666666  12.270833333333332  -3.166666666666667  -2.8333333333333335  0.0
12.041666666666666  12.270833333333332  -2.8333333333333335  -2.5  0.0
12.041666666666666  12.270833333333332  -2.5  -2.166666666666667  0.0
12.041666666666666  12.270833333333332  -2.166666666666667  -1.8333333333333335  0.0
12.041666666666666  12.270833333333332  -1.8333333333333335  -1.5  0.0
12.041666666666666  12.270833333333332  -1.5  -1.166666666666667  0.0
12.041666666666666  12.270833333333332  -1.166666666666667  -0.8333333333333339  0.0
12.041666666666666  12.270833333333332  -0.8333333333333339  -0.5  0.0
12.041666666666666  12.270833333333332  -0.5  -0.16666666666666696  0.0
12.041666666666666  12.270833333333332  -0.16666666666666696  0.16666666666666607  0.0
12.041666666666666  12.270833333333332  0.16666666666666607  0.5  0.0
12.041666666666666  12.270833333333332  0.5  0.833333333333333  0.0
12.041666666666666  12.270833333333332  0.833333333333333  1.166666666666666  0.03849230659169481
12.041666666666666  12.270833333333332  1.166666666666666  1.5  0.07252360312433034
12.041666666666666  12.270833333333332  1.5  1.833333333333333  0.09363587206925324
12.041666666666666  12.270833333333332  1.833333333333333  2.166666666666666  0.0
12.041666666666666  12.270833333333332  2.166666666666666  2.5  0.0
12.270833333333332  12.5  -5.5  -5.166666666666667  0.0
12.270833333333332  12.5  -5.166666666666667  -4.833333333333333  0.0
12.270833333333332  12.5  -4.833333333333333  -4.5  0.0
12.270833333333332  12.5  -4.5  -4.166666666666667  0.0
12.270833333333332  12.5  -4.166666666666667  -3.8333333333333335  0.0
12.270833333333332  12.5  -3.8333333333333335  -3.5  0.0
12.270833333333332  12.5  -3.5  -3.166666666666667  0.0
12.270833333333332  12.5  -3.166666666666667  -2.8333333333333335  0.0
12.270833333333332  12.5  -2.8333333333333335  -2.5  0.0
12.270833333333332  12.5  -2.5  -2.166666666666667  0.0
12.270833333333332  12.5  -2.166666666666667  -1.8333333333333335  0.0
12.270833333333332  12.5  -1.8333333333333335  -1.5  0.0
12.270833333333332  12.5  -1.5  -1.166666666666667  0.0
12.270833333333332  12.5  -1.166666666666667  -0.8333333333333339  0.0
12.270833333333332  12.5  -0.8333333333333339  -0.5  0.0
12.270833333333332  12.5  -0.5  -0.16666666666666696  0.0
12.270833333333332  12.5  -0.16666666666666696  0.16666666666666607  0.0
12.270833333333332  12.5  0.16666666666666607  0.5  0.0
12.270833333333332  12.5  0.5  0.833333333333333  0.0
12.270833333333332  12.5  0.833333333333333  1.166666666666666  0.0
12.270833333333332  12.5  1.166666666666666  1.5  0.0501643272482796
12.270833333333332  12.5  1.5  1.833333333333333  0.05366733580868585
12.270833333333332  12.5  1.833333333333333  2.166666666666666  0.0
12.270833333333332  12.5  2.166666666666666  2.5  0.0
