logMsmin    logMsmax    logSFRmin    logSFRmax    Prob
7.0  7.229166666666667  -5.5  -5.166666666666667  0.0
7.0  7.229166666666667  -5.166666666666667  -4.833333333333333  0.0
7.0  7.229166666666667  -4.833333333333333  -4.5  0.0
7.0  7.229166666666667  -4.5  -4.166666666666667  0.0
7.0  7.229166666666667  -4.166666666666667  -3.8333333333333335  0.0
7.0  7.229166666666667  -3.8333333333333335  -3.5  0.0
7.0  7.229166666666667  -3.5  -3.166666666666667  3.2188758292760096e-06
7.0  7.229166666666667  -3.166666666666667  -2.8333333333333335  2.39114481461396e-05
7.0  7.229166666666667  -2.8333333333333335  -2.5  2.6581550433120553e-05
7.0  7.229166666666667  -2.5  -2.166666666666667  2.3295082070753886e-05
7.0  7.229166666666667  -2.166666666666667  -1.8333333333333335  2.1582990070984355e-05
7.0  7.229166666666667  -1.8333333333333335  -1.5  2.1227929979122704e-05
7.0  7.229166666666667  -1.5  -1.166666666666667  2.8312748195165738e-05
7.0  7.229166666666667  -1.166666666666667  -0.8333333333333339  3.167781076224914e-05
7.0  7.229166666666667  -0.8333333333333339  -0.5  2.5865281192233584e-05
7.0  7.229166666666667  -0.5  -0.16666666666666696  3.5981575427496376e-05
7.0  7.229166666666667  -0.16666666666666696  0.16666666666666607  1.936576798710689e-05
7.0  7.229166666666667  0.16666666666666607  0.5  3.2067291280357104e-06
7.0  7.229166666666667  0.5  0.833333333333333  6.8993263057828424e-06
7.0  7.229166666666667  0.833333333333333  1.166666666666666  0.0
7.0  7.229166666666667  1.166666666666666  1.5  0.0
7.0  7.229166666666667  1.5  1.833333333333333  0.0
7.0  7.229166666666667  1.833333333333333  2.166666666666666  0.0
7.0  7.229166666666667  2.166666666666666  2.5  0.0
7.229166666666667  7.458333333333333  -5.5  -5.166666666666667  0.0
7.229166666666667  7.458333333333333  -5.166666666666667  -4.833333333333333  0.0
7.229166666666667  7.458333333333333  -4.833333333333333  -4.5  0.0
7.229166666666667  7.458333333333333  -4.5  -4.166666666666667  0.0
7.229166666666667  7.458333333333333  -4.166666666666667  -3.8333333333333335  0.0
7.229166666666667  7.458333333333333  -3.8333333333333335  -3.5  0.0
7.229166666666667  7.458333333333333  -3.5  -3.166666666666667  7.233360589942288e-06
7.229166666666667  7.458333333333333  -3.166666666666667  -2.8333333333333335  4.102152448846543e-05
7.229166666666667  7.458333333333333  -2.8333333333333335  -2.5  3.39256068491986e-05
7.229166666666667  7.458333333333333  -2.5  -2.166666666666667  2.570038422473079e-05
7.229166666666667  7.458333333333333  -2.166666666666667  -1.8333333333333335  2.4305204450715057e-05
7.229166666666667  7.458333333333333  -1.8333333333333335  -1.5  3.2431978251634404e-05
7.229166666666667  7.458333333333333  -1.5  -1.166666666666667  3.434051214793904e-05
7.229166666666667  7.458333333333333  -1.166666666666667  -0.8333333333333339  3.5605996712399933e-05
7.229166666666667  7.458333333333333  -0.8333333333333339  -0.5  4.111760334672944e-05
7.229166666666667  7.458333333333333  -0.5  -0.16666666666666696  5.022281024965199e-05
7.229166666666667  7.458333333333333  -0.16666666666666696  0.16666666666666607  3.490950368824408e-05
7.229166666666667  7.458333333333333  0.16666666666666607  0.5  2.113526016205897e-05
7.229166666666667  7.458333333333333  0.5  0.833333333333333  7.190847135589804e-06
7.229166666666667  7.458333333333333  0.833333333333333  1.166666666666666  0.0
7.229166666666667  7.458333333333333  1.166666666666666  1.5  0.0
7.229166666666667  7.458333333333333  1.5  1.833333333333333  0.0
7.229166666666667  7.458333333333333  1.833333333333333  2.166666666666666  0.0
7.229166666666667  7.458333333333333  2.166666666666666  2.5  0.0
7.458333333333333  7.6875  -5.5  -5.166666666666667  0.0
7.458333333333333  7.6875  -5.166666666666667  -4.833333333333333  0.0
7.458333333333333  7.6875  -4.833333333333333  -4.5  0.0
7.458333333333333  7.6875  -4.5  -4.166666666666667  0.0
7.458333333333333  7.6875  -4.166666666666667  -3.8333333333333335  0.0
7.458333333333333  7.6875  -3.8333333333333335  -3.5  0.0
7.458333333333333  7.6875  -3.5  -3.166666666666667  1.1014628686754047e-05
7.458333333333333  7.6875  -3.166666666666667  -2.8333333333333335  4.273799077016001e-05
7.458333333333333  7.6875  -2.8333333333333335  -2.5  3.4691014997200066e-05
7.458333333333333  7.6875  -2.5  -2.166666666666667  4.908796475657582e-05
7.458333333333333  7.6875  -2.166666666666667  -1.8333333333333335  3.483151123600098e-05
7.458333333333333  7.6875  -1.8333333333333335  -1.5  2.7495143085780776e-05
7.458333333333333  7.6875  -1.5  -1.166666666666667  5.6397689936229224e-05
7.458333333333333  7.6875  -1.166666666666667  -0.8333333333333339  4.418786230763033e-05
7.458333333333333  7.6875  -0.8333333333333339  -0.5  5.327469065908331e-05
7.458333333333333  7.6875  -0.5  -0.16666666666666696  7.268047572375289e-05
7.458333333333333  7.6875  -0.16666666666666696  0.16666666666666607  5.2929453109517125e-05
7.458333333333333  7.6875  0.16666666666666607  0.5  5.455301545748081e-05
7.458333333333333  7.6875  0.5  0.833333333333333  0.0
7.458333333333333  7.6875  0.833333333333333  1.166666666666666  0.0
7.458333333333333  7.6875  1.166666666666666  1.5  0.0
7.458333333333333  7.6875  1.5  1.833333333333333  0.0
7.458333333333333  7.6875  1.833333333333333  2.166666666666666  0.0
7.458333333333333  7.6875  2.166666666666666  2.5  0.0
7.6875  7.916666666666667  -5.5  -5.166666666666667  0.0
7.6875  7.916666666666667  -5.166666666666667  -4.833333333333333  0.0
7.6875  7.916666666666667  -4.833333333333333  -4.5  0.0
7.6875  7.916666666666667  -4.5  -4.166666666666667  0.0
7.6875  7.916666666666667  -4.166666666666667  -3.8333333333333335  0.0
7.6875  7.916666666666667  -3.8333333333333335  -3.5  0.0
7.6875  7.916666666666667  -3.5  -3.166666666666667  1.9786976324137123e-05
7.6875  7.916666666666667  -3.166666666666667  -2.8333333333333335  6.178281563587565e-05
7.6875  7.916666666666667  -2.8333333333333335  -2.5  5.9575502640299606e-05
7.6875  7.916666666666667  -2.5  -2.166666666666667  6.361824791154977e-05
7.6875  7.916666666666667  -2.166666666666667  -1.8333333333333335  4.570387358267207e-05
7.6875  7.916666666666667  -1.8333333333333335  -1.5  4.468228271293422e-05
7.6875  7.916666666666667  -1.5  -1.166666666666667  7.29759639529034e-05
7.6875  7.916666666666667  -1.166666666666667  -0.8333333333333339  6.15715536558935e-05
7.6875  7.916666666666667  -0.8333333333333339  -0.5  6.856710700087082e-05
7.6875  7.916666666666667  -0.5  -0.16666666666666696  9.226245569411632e-05
7.6875  7.916666666666667  -0.16666666666666696  0.16666666666666607  7.465952566310204e-05
7.6875  7.916666666666667  0.16666666666666607  0.5  8.234653662368332e-05
7.6875  7.916666666666667  0.5  0.833333333333333  0.0
7.6875  7.916666666666667  0.833333333333333  1.166666666666666  0.0
7.6875  7.916666666666667  1.166666666666666  1.5  0.0
7.6875  7.916666666666667  1.5  1.833333333333333  0.0
7.6875  7.916666666666667  1.833333333333333  2.166666666666666  0.0
7.6875  7.916666666666667  2.166666666666666  2.5  0.0
7.916666666666667  8.145833333333334  -5.5  -5.166666666666667  0.0
7.916666666666667  8.145833333333334  -5.166666666666667  -4.833333333333333  0.0
7.916666666666667  8.145833333333334  -4.833333333333333  -4.5  0.0
7.916666666666667  8.145833333333334  -4.5  -4.166666666666667  0.0
7.916666666666667  8.145833333333334  -4.166666666666667  -3.8333333333333335  0.0
7.916666666666667  8.145833333333334  -3.8333333333333335  -3.5  0.0
7.916666666666667  8.145833333333334  -3.5  -3.166666666666667  3.378402505597761e-05
7.916666666666667  8.145833333333334  -3.166666666666667  -2.8333333333333335  9.78596501827892e-05
7.916666666666667  8.145833333333334  -2.8333333333333335  -2.5  7.085020602857822e-05
7.916666666666667  8.145833333333334  -2.5  -2.166666666666667  7.710754399086621e-05
7.916666666666667  8.145833333333334  -2.166666666666667  -1.8333333333333335  0.0001760835531689817
7.916666666666667  8.145833333333334  -1.8333333333333335  -1.5  7.65018112380831e-05
7.916666666666667  8.145833333333334  -1.5  -1.166666666666667  8.751934533206256e-05
7.916666666666667  8.145833333333334  -1.166666666666667  -0.8333333333333339  0.00012373276407364587
7.916666666666667  8.145833333333334  -0.8333333333333339  -0.5  7.245641186699991e-05
7.916666666666667  8.145833333333334  -0.5  -0.16666666666666696  0.00015611664055499596
7.916666666666667  8.145833333333334  -0.16666666666666696  0.16666666666666607  0.000175783821262057
7.916666666666667  8.145833333333334  0.16666666666666607  0.5  0.00013842849556060398
7.916666666666667  8.145833333333334  0.5  0.833333333333333  3.0318166301422506e-05
7.916666666666667  8.145833333333334  0.833333333333333  1.166666666666666  6.26769784116794e-05
7.916666666666667  8.145833333333334  1.166666666666666  1.5  0.0
7.916666666666667  8.145833333333334  1.5  1.833333333333333  0.0
7.916666666666667  8.145833333333334  1.833333333333333  2.166666666666666  0.0
7.916666666666667  8.145833333333334  2.166666666666666  2.5  0.0
8.145833333333334  8.375  -5.5  -5.166666666666667  0.0
8.145833333333334  8.375  -5.166666666666667  -4.833333333333333  0.0
8.145833333333334  8.375  -4.833333333333333  -4.5  0.0
8.145833333333334  8.375  -4.5  -4.166666666666667  0.0
8.145833333333334  8.375  -4.166666666666667  -3.8333333333333335  0.0
8.145833333333334  8.375  -3.8333333333333335  -3.5  0.0
8.145833333333334  8.375  -3.5  -3.166666666666667  0.0
8.145833333333334  8.375  -3.166666666666667  -2.8333333333333335  9.380020107874448e-05
8.145833333333334  8.375  -2.8333333333333335  -2.5  0.00010476807460597402
8.145833333333334  8.375  -2.5  -2.166666666666667  0.00012215540261779166
8.145833333333334  8.375  -2.166666666666667  -1.8333333333333335  6.940933700951559e-05
8.145833333333334  8.375  -1.8333333333333335  -1.5  0.0001532191820876754
8.145833333333334  8.375  -1.5  -1.166666666666667  0.00017933581940511101
8.145833333333334  8.375  -1.166666666666667  -0.8333333333333339  0.00010894627947845653
8.145833333333334  8.375  -0.8333333333333339  -0.5  0.0002411174261269257
8.145833333333334  8.375  -0.5  -0.16666666666666696  0.00034821507912023003
8.145833333333334  8.375  -0.16666666666666696  0.16666666666666607  0.0004085225360877396
8.145833333333334  8.375  0.16666666666666607  0.5  0.00024910454908241034
8.145833333333334  8.375  0.5  0.833333333333333  0.00018701061233035576
8.145833333333334  8.375  0.833333333333333  1.166666666666666  0.0
8.145833333333334  8.375  1.166666666666666  1.5  0.0
8.145833333333334  8.375  1.5  1.833333333333333  0.0
8.145833333333334  8.375  1.833333333333333  2.166666666666666  0.0
8.145833333333334  8.375  2.166666666666666  2.5  0.0
8.375  8.604166666666666  -5.5  -5.166666666666667  0.0
8.375  8.604166666666666  -5.166666666666667  -4.833333333333333  0.0
8.375  8.604166666666666  -4.833333333333333  -4.5  0.0
8.375  8.604166666666666  -4.5  -4.166666666666667  0.0
8.375  8.604166666666666  -4.166666666666667  -3.8333333333333335  0.0
8.375  8.604166666666666  -3.8333333333333335  -3.5  0.0
8.375  8.604166666666666  -3.5  -3.166666666666667  2.686850314861397e-05
8.375  8.604166666666666  -3.166666666666667  -2.8333333333333335  0.00017977117838984455
8.375  8.604166666666666  -2.8333333333333335  -2.5  0.00022021969352764911
8.375  8.604166666666666  -2.5  -2.166666666666667  0.00023025043941371314
8.375  8.604166666666666  -2.166666666666667  -1.8333333333333335  0.00028337361164427626
8.375  8.604166666666666  -1.8333333333333335  -1.5  0.00036177510599067424
8.375  8.604166666666666  -1.5  -1.166666666666667  0.00028581085280035583
8.375  8.604166666666666  -1.166666666666667  -0.8333333333333339  0.000372938274649886
8.375  8.604166666666666  -0.8333333333333339  -0.5  0.0004778518945501775
8.375  8.604166666666666  -0.5  -0.16666666666666696  0.0005558837452493387
8.375  8.604166666666666  -0.16666666666666696  0.16666666666666607  0.0004143448548832183
8.375  8.604166666666666  0.16666666666666607  0.5  0.0005067223161755706
8.375  8.604166666666666  0.5  0.833333333333333  0.00028336634438730335
8.375  8.604166666666666  0.833333333333333  1.166666666666666  0.00010786270703394652
8.375  8.604166666666666  1.166666666666666  1.5  0.0
8.375  8.604166666666666  1.5  1.833333333333333  0.0
8.375  8.604166666666666  1.833333333333333  2.166666666666666  0.0
8.375  8.604166666666666  2.166666666666666  2.5  0.0
8.604166666666666  8.833333333333334  -5.5  -5.166666666666667  0.0
8.604166666666666  8.833333333333334  -5.166666666666667  -4.833333333333333  0.0
8.604166666666666  8.833333333333334  -4.833333333333333  -4.5  0.0
8.604166666666666  8.833333333333334  -4.5  -4.166666666666667  0.0
8.604166666666666  8.833333333333334  -4.166666666666667  -3.8333333333333335  0.0
8.604166666666666  8.833333333333334  -3.8333333333333335  -3.5  0.0
8.604166666666666  8.833333333333334  -3.5  -3.166666666666667  4.678909318628497e-05
8.604166666666666  8.833333333333334  -3.166666666666667  -2.8333333333333335  0.0
8.604166666666666  8.833333333333334  -2.8333333333333335  -2.5  3.9258138416006585e-05
8.604166666666666  8.833333333333334  -2.5  -2.166666666666667  0.00019779688303392943
8.604166666666666  8.833333333333334  -2.166666666666667  -1.8333333333333335  0.00038191658046854703
8.604166666666666  8.833333333333334  -1.8333333333333335  -1.5  0.0005592843315723611
8.604166666666666  8.833333333333334  -1.5  -1.166666666666667  0.0003428983747946758
8.604166666666666  8.833333333333334  -1.166666666666667  -0.8333333333333339  0.00047334720877495543
8.604166666666666  8.833333333333334  -0.8333333333333339  -0.5  0.0005527575371675478
8.604166666666666  8.833333333333334  -0.5  -0.16666666666666696  0.0007437335847869998
8.604166666666666  8.833333333333334  -0.16666666666666696  0.16666666666666607  0.000948215215162153
8.604166666666666  8.833333333333334  0.16666666666666607  0.5  0.001201400301809841
8.604166666666666  8.833333333333334  0.5  0.833333333333333  0.0005553066918061912
8.604166666666666  8.833333333333334  0.833333333333333  1.166666666666666  0.0004991808342646234
8.604166666666666  8.833333333333334  1.166666666666666  1.5  0.0
8.604166666666666  8.833333333333334  1.5  1.833333333333333  0.0
8.604166666666666  8.833333333333334  1.833333333333333  2.166666666666666  0.0
8.604166666666666  8.833333333333334  2.166666666666666  2.5  0.0
8.833333333333334  9.0625  -5.5  -5.166666666666667  0.0
8.833333333333334  9.0625  -5.166666666666667  -4.833333333333333  0.0
8.833333333333334  9.0625  -4.833333333333333  -4.5  0.0
8.833333333333334  9.0625  -4.5  -4.166666666666667  0.0
8.833333333333334  9.0625  -4.166666666666667  -3.8333333333333335  0.0
8.833333333333334  9.0625  -3.8333333333333335  -3.5  0.0
8.833333333333334  9.0625  -3.5  -3.166666666666667  0.0
8.833333333333334  9.0625  -3.166666666666667  -2.8333333333333335  0.0
8.833333333333334  9.0625  -2.8333333333333335  -2.5  7.686432546293465e-05
8.833333333333334  9.0625  -2.5  -2.166666666666667  0.00010436445707604417
8.833333333333334  9.0625  -2.166666666666667  -1.8333333333333335  0.0005423259170787191
8.833333333333334  9.0625  -1.8333333333333335  -1.5  0.001178586323764799
8.833333333333334  9.0625  -1.5  -1.166666666666667  0.0006751913939485617
8.833333333333334  9.0625  -1.166666666666667  -0.8333333333333339  0.0005967496940072368
8.833333333333334  9.0625  -0.8333333333333339  -0.5  0.0007637726010499167
8.833333333333334  9.0625  -0.5  -0.16666666666666696  0.000982373859676075
8.833333333333334  9.0625  -0.16666666666666696  0.16666666666666607  0.001267811805144662
8.833333333333334  9.0625  0.16666666666666607  0.5  0.0014781699809759186
8.833333333333334  9.0625  0.5  0.833333333333333  0.0012744521388714145
8.833333333333334  9.0625  0.833333333333333  1.166666666666666  0.0
8.833333333333334  9.0625  1.166666666666666  1.5  0.0
8.833333333333334  9.0625  1.5  1.833333333333333  0.0
8.833333333333334  9.0625  1.833333333333333  2.166666666666666  0.0
8.833333333333334  9.0625  2.166666666666666  2.5  0.0
9.0625  9.291666666666666  -5.5  -5.166666666666667  0.0
9.0625  9.291666666666666  -5.166666666666667  -4.833333333333333  0.0
9.0625  9.291666666666666  -4.833333333333333  -4.5  0.0
9.0625  9.291666666666666  -4.5  -4.166666666666667  0.0
9.0625  9.291666666666666  -4.166666666666667  -3.8333333333333335  0.0
9.0625  9.291666666666666  -3.8333333333333335  -3.5  0.0
9.0625  9.291666666666666  -3.5  -3.166666666666667  0.0
9.0625  9.291666666666666  -3.166666666666667  -2.8333333333333335  0.0
9.0625  9.291666666666666  -2.8333333333333335  -2.5  0.0
9.0625  9.291666666666666  -2.5  -2.166666666666667  0.00034418892640956407
9.0625  9.291666666666666  -2.166666666666667  -1.8333333333333335  0.0008144606117158108
9.0625  9.291666666666666  -1.8333333333333335  -1.5  0.0
9.0625  9.291666666666666  -1.5  -1.166666666666667  0.0005036022335157939
9.0625  9.291666666666666  -1.166666666666667  -0.8333333333333339  0.00020090643855154547
9.0625  9.291666666666666  -0.8333333333333339  -0.5  0.0011272568559456825
9.0625  9.291666666666666  -0.5  -0.16666666666666696  0.0010493078408328443
9.0625  9.291666666666666  -0.16666666666666696  0.16666666666666607  0.0016595744231245179
9.0625  9.291666666666666  0.16666666666666607  0.5  0.0021779427716042336
9.0625  9.291666666666666  0.5  0.833333333333333  0.0012628896799972314
9.0625  9.291666666666666  0.833333333333333  1.166666666666666  0.0007548931888222447
9.0625  9.291666666666666  1.166666666666666  1.5  0.0
9.0625  9.291666666666666  1.5  1.833333333333333  0.0
9.0625  9.291666666666666  1.833333333333333  2.166666666666666  0.0
9.0625  9.291666666666666  2.166666666666666  2.5  0.0
9.291666666666666  9.520833333333332  -5.5  -5.166666666666667  0.0
9.291666666666666  9.520833333333332  -5.166666666666667  -4.833333333333333  0.0
9.291666666666666  9.520833333333332  -4.833333333333333  -4.5  0.0
9.291666666666666  9.520833333333332  -4.5  -4.166666666666667  0.0
9.291666666666666  9.520833333333332  -4.166666666666667  -3.8333333333333335  0.0
9.291666666666666  9.520833333333332  -3.8333333333333335  -3.5  0.0
9.291666666666666  9.520833333333332  -3.5  -3.166666666666667  0.0
9.291666666666666  9.520833333333332  -3.166666666666667  -2.8333333333333335  0.0
9.291666666666666  9.520833333333332  -2.8333333333333335  -2.5  0.0
9.291666666666666  9.520833333333332  -2.5  -2.166666666666667  0.0
9.291666666666666  9.520833333333332  -2.166666666666667  -1.8333333333333335  0.0
9.291666666666666  9.520833333333332  -1.8333333333333335  -1.5  0.0
9.291666666666666  9.520833333333332  -1.5  -1.166666666666667  0.0
9.291666666666666  9.520833333333332  -1.166666666666667  -0.8333333333333339  0.0012994540989297756
9.291666666666666  9.520833333333332  -0.8333333333333339  -0.5  0.0003273778918888128
9.291666666666666  9.520833333333332  -0.5  -0.16666666666666696  0.000855597439924247
9.291666666666666  9.520833333333332  -0.16666666666666696  0.16666666666666607  0.0019075129175795311
9.291666666666666  9.520833333333332  0.16666666666666607  0.5  0.0028283512509034016
9.291666666666666  9.520833333333332  0.5  0.833333333333333  0.0026754147162070074
9.291666666666666  9.520833333333332  0.833333333333333  1.166666666666666  0.0034088073183683107
9.291666666666666  9.520833333333332  1.166666666666666  1.5  0.0
9.291666666666666  9.520833333333332  1.5  1.833333333333333  0.0
9.291666666666666  9.520833333333332  1.833333333333333  2.166666666666666  0.0
9.291666666666666  9.520833333333332  2.166666666666666  2.5  0.0
9.520833333333332  9.75  -5.5  -5.166666666666667  0.0
9.520833333333332  9.75  -5.166666666666667  -4.833333333333333  0.0
9.520833333333332  9.75  -4.833333333333333  -4.5  0.0
9.520833333333332  9.75  -4.5  -4.166666666666667  0.0
9.520833333333332  9.75  -4.166666666666667  -3.8333333333333335  0.0
9.520833333333332  9.75  -3.8333333333333335  -3.5  0.0
9.520833333333332  9.75  -3.5  -3.166666666666667  0.0
9.520833333333332  9.75  -3.166666666666667  -2.8333333333333335  0.0
9.520833333333332  9.75  -2.8333333333333335  -2.5  0.0
9.520833333333332  9.75  -2.5  -2.166666666666667  0.0
9.520833333333332  9.75  -2.166666666666667  -1.8333333333333335  0.0
9.520833333333332  9.75  -1.8333333333333335  -1.5  0.0002372979554750404
9.520833333333332  9.75  -1.5  -1.166666666666667  0.0
9.520833333333332  9.75  -1.166666666666667  -0.8333333333333339  0.00028117184036305685
9.520833333333332  9.75  -0.8333333333333339  -0.5  0.0
9.520833333333332  9.75  -0.5  -0.16666666666666696  0.0022773242824615405
9.520833333333332  9.75  -0.16666666666666696  0.16666666666666607  0.0019006793703314991
9.520833333333332  9.75  0.16666666666666607  0.5  0.00367729973054389
9.520833333333332  9.75  0.5  0.833333333333333  0.004367646620482566
9.520833333333332  9.75  0.833333333333333  1.166666666666666  0.0031826172867694628
9.520833333333332  9.75  1.166666666666666  1.5  0.0036587807614730542
9.520833333333332  9.75  1.5  1.833333333333333  0.0
9.520833333333332  9.75  1.833333333333333  2.166666666666666  0.0
9.520833333333332  9.75  2.166666666666666  2.5  0.0
9.75  9.979166666666666  -5.5  -5.166666666666667  0.0
9.75  9.979166666666666  -5.166666666666667  -4.833333333333333  0.0
9.75  9.979166666666666  -4.833333333333333  -4.5  0.0
9.75  9.979166666666666  -4.5  -4.166666666666667  0.0
9.75  9.979166666666666  -4.166666666666667  -3.8333333333333335  0.0
9.75  9.979166666666666  -3.8333333333333335  -3.5  0.0
9.75  9.979166666666666  -3.5  -3.166666666666667  0.0
9.75  9.979166666666666  -3.166666666666667  -2.8333333333333335  0.0
9.75  9.979166666666666  -2.8333333333333335  -2.5  0.0
9.75  9.979166666666666  -2.5  -2.166666666666667  0.0
9.75  9.979166666666666  -2.166666666666667  -1.8333333333333335  0.0008613306829115912
9.75  9.979166666666666  -1.8333333333333335  -1.5  0.0004435489425726158
9.75  9.979166666666666  -1.5  -1.166666666666667  0.0022360376449374842
9.75  9.979166666666666  -1.166666666666667  -0.8333333333333339  0.0005506828475334373
9.75  9.979166666666666  -0.8333333333333339  -0.5  0.0017602675528682538
9.75  9.979166666666666  -0.5  -0.16666666666666696  0.0035820136096264073
9.75  9.979166666666666  -0.16666666666666696  0.16666666666666607  0.004103855329730184
9.75  9.979166666666666  0.16666666666666607  0.5  0.003147028496318905
9.75  9.979166666666666  0.5  0.833333333333333  0.005688903010876912
9.75  9.979166666666666  0.833333333333333  1.166666666666666  0.005471538403259561
9.75  9.979166666666666  1.166666666666666  1.5  0.00421416993360039
9.75  9.979166666666666  1.5  1.833333333333333  0.0026562163343250575
9.75  9.979166666666666  1.833333333333333  2.166666666666666  0.0
9.75  9.979166666666666  2.166666666666666  2.5  0.0
9.979166666666666  10.208333333333332  -5.5  -5.166666666666667  0.0
9.979166666666666  10.208333333333332  -5.166666666666667  -4.833333333333333  0.0
9.979166666666666  10.208333333333332  -4.833333333333333  -4.5  0.0
9.979166666666666  10.208333333333332  -4.5  -4.166666666666667  0.0
9.979166666666666  10.208333333333332  -4.166666666666667  -3.8333333333333335  0.0
9.979166666666666  10.208333333333332  -3.8333333333333335  -3.5  0.0
9.979166666666666  10.208333333333332  -3.5  -3.166666666666667  0.0
9.979166666666666  10.208333333333332  -3.166666666666667  -2.8333333333333335  0.0
9.979166666666666  10.208333333333332  -2.8333333333333335  -2.5  0.0
9.979166666666666  10.208333333333332  -2.5  -2.166666666666667  0.0030729210671489042
9.979166666666666  10.208333333333332  -2.166666666666667  -1.8333333333333335  0.0009396688081245845
9.979166666666666  10.208333333333332  -1.8333333333333335  -1.5  0.0
9.979166666666666  10.208333333333332  -1.5  -1.166666666666667  0.0010395632791439001
9.979166666666666  10.208333333333332  -1.166666666666667  -0.8333333333333339  0.0027128442555136474
9.979166666666666  10.208333333333332  -0.8333333333333339  -0.5  0.00371515117260628
9.979166666666666  10.208333333333332  -0.5  -0.16666666666666696  0.005859974649159563
9.979166666666666  10.208333333333332  -0.16666666666666696  0.16666666666666607  0.005107965511376801
9.979166666666666  10.208333333333332  0.16666666666666607  0.5  0.005561382774663637
9.979166666666666  10.208333333333332  0.5  0.833333333333333  0.008242966569069974
9.979166666666666  10.208333333333332  0.833333333333333  1.166666666666666  0.010319146360927088
9.979166666666666  10.208333333333332  1.166666666666666  1.5  0.01146629728213228
9.979166666666666  10.208333333333332  1.5  1.833333333333333  0.004074399232164437
9.979166666666666  10.208333333333332  1.833333333333333  2.166666666666666  0.0
9.979166666666666  10.208333333333332  2.166666666666666  2.5  0.0
10.208333333333332  10.4375  -5.5  -5.166666666666667  0.0
10.208333333333332  10.4375  -5.166666666666667  -4.833333333333333  0.0
10.208333333333332  10.4375  -4.833333333333333  -4.5  0.0
10.208333333333332  10.4375  -4.5  -4.166666666666667  0.0
10.208333333333332  10.4375  -4.166666666666667  -3.8333333333333335  0.0
10.208333333333332  10.4375  -3.8333333333333335  -3.5  0.0
10.208333333333332  10.4375  -3.5  -3.166666666666667  0.0
10.208333333333332  10.4375  -3.166666666666667  -2.8333333333333335  0.0
10.208333333333332  10.4375  -2.8333333333333335  -2.5  0.0
10.208333333333332  10.4375  -2.5  -2.166666666666667  0.0
10.208333333333332  10.4375  -2.166666666666667  -1.8333333333333335  0.0
10.208333333333332  10.4375  -1.8333333333333335  -1.5  0.0
10.208333333333332  10.4375  -1.5  -1.166666666666667  0.0010490377061118307
10.208333333333332  10.4375  -1.166666666666667  -0.8333333333333339  0.0038660763648942537
10.208333333333332  10.4375  -0.8333333333333339  -0.5  0.007873159735596522
10.208333333333332  10.4375  -0.5  -0.16666666666666696  0.007307129935937958
10.208333333333332  10.4375  -0.16666666666666696  0.16666666666666607  0.009997095474765828
10.208333333333332  10.4375  0.16666666666666607  0.5  0.017319341864711714
10.208333333333332  10.4375  0.5  0.833333333333333  0.012419926537453713
10.208333333333332  10.4375  0.833333333333333  1.166666666666666  0.01403917814989916
10.208333333333332  10.4375  1.166666666666666  1.5  0.015970701469046354
10.208333333333332  10.4375  1.5  1.833333333333333  0.019868891247965894
10.208333333333332  10.4375  1.833333333333333  2.166666666666666  0.0
10.208333333333332  10.4375  2.166666666666666  2.5  0.0
10.4375  10.666666666666666  -5.5  -5.166666666666667  0.0
10.4375  10.666666666666666  -5.166666666666667  -4.833333333333333  0.0
10.4375  10.666666666666666  -4.833333333333333  -4.5  0.0
10.4375  10.666666666666666  -4.5  -4.166666666666667  0.0
10.4375  10.666666666666666  -4.166666666666667  -3.8333333333333335  0.0
10.4375  10.666666666666666  -3.8333333333333335  -3.5  0.0
10.4375  10.666666666666666  -3.5  -3.166666666666667  0.0
10.4375  10.666666666666666  -3.166666666666667  -2.8333333333333335  0.0
10.4375  10.666666666666666  -2.8333333333333335  -2.5  0.0
10.4375  10.666666666666666  -2.5  -2.166666666666667  0.0
10.4375  10.666666666666666  -2.166666666666667  -1.8333333333333335  0.0
10.4375  10.666666666666666  -1.8333333333333335  -1.5  0.0
10.4375  10.666666666666666  -1.5  -1.166666666666667  0.0
10.4375  10.666666666666666  -1.166666666666667  -0.8333333333333339  0.0
10.4375  10.666666666666666  -0.8333333333333339  -0.5  0.009779260583577736
10.4375  10.666666666666666  -0.5  -0.16666666666666696  0.010712208217017846
10.4375  10.666666666666666  -0.16666666666666696  0.16666666666666607  0.007467451816290686
10.4375  10.666666666666666  0.16666666666666607  0.5  0.01847936935932963
10.4375  10.666666666666666  0.5  0.833333333333333  0.01495379580192566
10.4375  10.666666666666666  0.833333333333333  1.166666666666666  0.01980187230587064
10.4375  10.666666666666666  1.166666666666666  1.5  0.03385791338095956
10.4375  10.666666666666666  1.5  1.833333333333333  0.028582374447346928
10.4375  10.666666666666666  1.833333333333333  2.166666666666666  0.012015395402132503
10.4375  10.666666666666666  2.166666666666666  2.5  0.0
10.666666666666666  10.895833333333332  -5.5  -5.166666666666667  0.0
10.666666666666666  10.895833333333332  -5.166666666666667  -4.833333333333333  0.0
10.666666666666666  10.895833333333332  -4.833333333333333  -4.5  0.0
10.666666666666666  10.895833333333332  -4.5  -4.166666666666667  0.0
10.666666666666666  10.895833333333332  -4.166666666666667  -3.8333333333333335  0.0
10.666666666666666  10.895833333333332  -3.8333333333333335  -3.5  0.0
10.666666666666666  10.895833333333332  -3.5  -3.166666666666667  0.0
10.666666666666666  10.895833333333332  -3.166666666666667  -2.8333333333333335  0.0
10.666666666666666  10.895833333333332  -2.8333333333333335  -2.5  0.0
10.666666666666666  10.895833333333332  -2.5  -2.166666666666667  0.0
10.666666666666666  10.895833333333332  -2.166666666666667  -1.8333333333333335  0.0
10.666666666666666  10.895833333333332  -1.8333333333333335  -1.5  0.0
10.666666666666666  10.895833333333332  -1.5  -1.166666666666667  0.0
10.666666666666666  10.895833333333332  -1.166666666666667  -0.8333333333333339  0.0
10.666666666666666  10.895833333333332  -0.8333333333333339  -0.5  0.004022064302249376
10.666666666666666  10.895833333333332  -0.5  -0.16666666666666696  0.005455472222472587
10.666666666666666  10.895833333333332  -0.16666666666666696  0.16666666666666607  0.005853252394758427
10.666666666666666  10.895833333333332  0.16666666666666607  0.5  0.015275618602435165
10.666666666666666  10.895833333333332  0.5  0.833333333333333  0.010413950016911262
10.666666666666666  10.895833333333332  0.833333333333333  1.166666666666666  0.024604953900109895
10.666666666666666  10.895833333333332  1.166666666666666  1.5  0.030865207941678595
10.666666666666666  10.895833333333332  1.5  1.833333333333333  0.04080934403261389
10.666666666666666  10.895833333333332  1.833333333333333  2.166666666666666  0.015996136626750097
10.666666666666666  10.895833333333332  2.166666666666666  2.5  0.0
10.895833333333332  11.125  -5.5  -5.166666666666667  0.0
10.895833333333332  11.125  -5.166666666666667  -4.833333333333333  0.0
10.895833333333332  11.125  -4.833333333333333  -4.5  0.0
10.895833333333332  11.125  -4.5  -4.166666666666667  0.0
10.895833333333332  11.125  -4.166666666666667  -3.8333333333333335  0.0
10.895833333333332  11.125  -3.8333333333333335  -3.5  0.0
10.895833333333332  11.125  -3.5  -3.166666666666667  0.0
10.895833333333332  11.125  -3.166666666666667  -2.8333333333333335  0.0
10.895833333333332  11.125  -2.8333333333333335  -2.5  0.0
10.895833333333332  11.125  -2.5  -2.166666666666667  0.0
10.895833333333332  11.125  -2.166666666666667  -1.8333333333333335  0.0
10.895833333333332  11.125  -1.8333333333333335  -1.5  0.0
10.895833333333332  11.125  -1.5  -1.166666666666667  0.0
10.895833333333332  11.125  -1.166666666666667  -0.8333333333333339  0.0
10.895833333333332  11.125  -0.8333333333333339  -0.5  0.0
10.895833333333332  11.125  -0.5  -0.16666666666666696  0.0
10.895833333333332  11.125  -0.16666666666666696  0.16666666666666607  0.0
10.895833333333332  11.125  0.16666666666666607  0.5  0.022284605327023282
10.895833333333332  11.125  0.5  0.833333333333333  0.0
10.895833333333332  11.125  0.833333333333333  1.166666666666666  0.046694877298149265
10.895833333333332  11.125  1.166666666666666  1.5  0.038989165912536074
10.895833333333332  11.125  1.5  1.833333333333333  0.052096298724546956
10.895833333333332  11.125  1.833333333333333  2.166666666666666  0.052029447329887096
10.895833333333332  11.125  2.166666666666666  2.5  0.0
11.125  11.354166666666666  -5.5  -5.166666666666667  0.0
11.125  11.354166666666666  -5.166666666666667  -4.833333333333333  0.0
11.125  11.354166666666666  -4.833333333333333  -4.5  0.0
11.125  11.354166666666666  -4.5  -4.166666666666667  0.0
11.125  11.354166666666666  -4.166666666666667  -3.8333333333333335  0.0
11.125  11.354166666666666  -3.8333333333333335  -3.5  0.0
11.125  11.354166666666666  -3.5  -3.166666666666667  0.0
11.125  11.354166666666666  -3.166666666666667  -2.8333333333333335  0.0
11.125  11.354166666666666  -2.8333333333333335  -2.5  0.0
11.125  11.354166666666666  -2.5  -2.166666666666667  0.0
11.125  11.354166666666666  -2.166666666666667  -1.8333333333333335  0.0
11.125  11.354166666666666  -1.8333333333333335  -1.5  0.0
11.125  11.354166666666666  -1.5  -1.166666666666667  0.0
11.125  11.354166666666666  -1.166666666666667  -0.8333333333333339  0.0
11.125  11.354166666666666  -0.8333333333333339  -0.5  0.0
11.125  11.354166666666666  -0.5  -0.16666666666666696  0.0
11.125  11.354166666666666  -0.16666666666666696  0.16666666666666607  0.0
11.125  11.354166666666666  0.16666666666666607  0.5  0.0
11.125  11.354166666666666  0.5  0.833333333333333  0.0
11.125  11.354166666666666  0.833333333333333  1.166666666666666  0.0
11.125  11.354166666666666  1.166666666666666  1.5  0.03999296525438174
11.125  11.354166666666666  1.5  1.833333333333333  0.057182555767132284
11.125  11.354166666666666  1.833333333333333  2.166666666666666  0.05076401614108771
11.125  11.354166666666666  2.166666666666666  2.5  0.0
11.354166666666666  11.583333333333332  -5.5  -5.166666666666667  0.0
11.354166666666666  11.583333333333332  -5.166666666666667  -4.833333333333333  0.0
11.354166666666666  11.583333333333332  -4.833333333333333  -4.5  0.0
11.354166666666666  11.583333333333332  -4.5  -4.166666666666667  0.0
11.354166666666666  11.583333333333332  -4.166666666666667  -3.8333333333333335  0.0
11.354166666666666  11.583333333333332  -3.8333333333333335  -3.5  0.0
11.354166666666666  11.583333333333332  -3.5  -3.166666666666667  0.0
11.354166666666666  11.583333333333332  -3.166666666666667  -2.8333333333333335  0.0
11.354166666666666  11.583333333333332  -2.8333333333333335  -2.5  0.0
11.354166666666666  11.583333333333332  -2.5  -2.166666666666667  0.0
11.354166666666666  11.583333333333332  -2.166666666666667  -1.8333333333333335  0.0
11.354166666666666  11.583333333333332  -1.8333333333333335  -1.5  0.0
11.354166666666666  11.583333333333332  -1.5  -1.166666666666667  0.0
11.354166666666666  11.583333333333332  -1.166666666666667  -0.8333333333333339  0.0
11.354166666666666  11.583333333333332  -0.8333333333333339  -0.5  0.0
11.354166666666666  11.583333333333332  -0.5  -0.16666666666666696  0.0
11.354166666666666  11.583333333333332  -0.16666666666666696  0.16666666666666607  0.0
11.354166666666666  11.583333333333332  0.16666666666666607  0.5  0.0
11.354166666666666  11.583333333333332  0.5  0.833333333333333  0.0
11.354166666666666  11.583333333333332  0.833333333333333  1.166666666666666  0.0
11.354166666666666  11.583333333333332  1.166666666666666  1.5  0.0
11.354166666666666  11.583333333333332  1.5  1.833333333333333  0.0
11.354166666666666  11.583333333333332  1.833333333333333  2.166666666666666  0.0
11.354166666666666  11.583333333333332  2.166666666666666  2.5  0.0563255655054757
11.583333333333332  11.8125  -5.5  -5.166666666666667  0.0
11.583333333333332  11.8125  -5.166666666666667  -4.833333333333333  0.0
11.583333333333332  11.8125  -4.833333333333333  -4.5  0.0
11.583333333333332  11.8125  -4.5  -4.166666666666667  0.0
11.583333333333332  11.8125  -4.166666666666667  -3.8333333333333335  0.0
11.583333333333332  11.8125  -3.8333333333333335  -3.5  0.0
11.583333333333332  11.8125  -3.5  -3.166666666666667  0.0
11.583333333333332  11.8125  -3.166666666666667  -2.8333333333333335  0.0
11.583333333333332  11.8125  -2.8333333333333335  -2.5  0.0
11.583333333333332  11.8125  -2.5  -2.166666666666667  0.0
11.583333333333332  11.8125  -2.166666666666667  -1.8333333333333335  0.0
11.583333333333332  11.8125  -1.8333333333333335  -1.5  0.0
11.583333333333332  11.8125  -1.5  -1.166666666666667  0.0
11.583333333333332  11.8125  -1.166666666666667  -0.8333333333333339  0.0
11.583333333333332  11.8125  -0.8333333333333339  -0.5  0.0
11.583333333333332  11.8125  -0.5  -0.16666666666666696  0.0
11.583333333333332  11.8125  -0.16666666666666696  0.16666666666666607  0.0
11.583333333333332  11.8125  0.16666666666666607  0.5  0.0
11.583333333333332  11.8125  0.5  0.833333333333333  0.0
11.583333333333332  11.8125  0.833333333333333  1.166666666666666  0.0
11.583333333333332  11.8125  1.166666666666666  1.5  0.0
11.583333333333332  11.8125  1.5  1.833333333333333  0.0
11.583333333333332  11.8125  1.833333333333333  2.166666666666666  0.0
11.583333333333332  11.8125  2.166666666666666  2.5  0.0
11.8125  12.041666666666666  -5.5  -5.166666666666667  0.0
11.8125  12.041666666666666  -5.166666666666667  -4.833333333333333  0.0
11.8125  12.041666666666666  -4.833333333333333  -4.5  0.0
11.8125  12.041666666666666  -4.5  -4.166666666666667  0.0
11.8125  12.041666666666666  -4.166666666666667  -3.8333333333333335  0.0
11.8125  12.041666666666666  -3.8333333333333335  -3.5  0.0
11.8125  12.041666666666666  -3.5  -3.166666666666667  0.0
11.8125  12.041666666666666  -3.166666666666667  -2.8333333333333335  0.0
11.8125  12.041666666666666  -2.8333333333333335  -2.5  0.0
11.8125  12.041666666666666  -2.5  -2.166666666666667  0.0
11.8125  12.041666666666666  -2.166666666666667  -1.8333333333333335  0.0
11.8125  12.041666666666666  -1.8333333333333335  -1.5  0.0
11.8125  12.041666666666666  -1.5  -1.166666666666667  0.0
11.8125  12.041666666666666  -1.166666666666667  -0.8333333333333339  0.0
11.8125  12.041666666666666  -0.8333333333333339  -0.5  0.0
11.8125  12.041666666666666  -0.5  -0.16666666666666696  0.0
11.8125  12.041666666666666  -0.16666666666666696  0.16666666666666607  0.0
11.8125  12.041666666666666  0.16666666666666607  0.5  0.0
11.8125  12.041666666666666  0.5  0.833333333333333  0.0
11.8125  12.041666666666666  0.833333333333333  1.166666666666666  0.0
11.8125  12.041666666666666  1.166666666666666  1.5  0.0
11.8125  12.041666666666666  1.5  1.833333333333333  0.0
11.8125  12.041666666666666  1.833333333333333  2.166666666666666  0.0
11.8125  12.041666666666666  2.166666666666666  2.5  0.0
12.041666666666666  12.270833333333332  -5.5  -5.166666666666667  0.0
12.041666666666666  12.270833333333332  -5.166666666666667  -4.833333333333333  0.0
12.041666666666666  12.270833333333332  -4.833333333333333  -4.5  0.0
12.041666666666666  12.270833333333332  -4.5  -4.166666666666667  0.0
12.041666666666666  12.270833333333332  -4.166666666666667  -3.8333333333333335  0.0
12.041666666666666  12.270833333333332  -3.8333333333333335  -3.5  0.0
12.041666666666666  12.270833333333332  -3.5  -3.166666666666667  0.0
12.041666666666666  12.270833333333332  -3.166666666666667  -2.8333333333333335  0.0
12.041666666666666  12.270833333333332  -2.8333333333333335  -2.5  0.0
12.041666666666666  12.270833333333332  -2.5  -2.166666666666667  0.0
12.041666666666666  12.270833333333332  -2.166666666666667  -1.8333333333333335  0.0
12.041666666666666  12.270833333333332  -1.8333333333333335  -1.5  0.0
12.041666666666666  12.270833333333332  -1.5  -1.166666666666667  0.0
12.041666666666666  12.270833333333332  -1.166666666666667  -0.8333333333333339  0.0
12.041666666666666  12.270833333333332  -0.8333333333333339  -0.5  0.0
12.041666666666666  12.270833333333332  -0.5  -0.16666666666666696  0.0
12.041666666666666  12.270833333333332  -0.16666666666666696  0.16666666666666607  0.0
12.041666666666666  12.270833333333332  0.16666666666666607  0.5  0.0
12.041666666666666  12.270833333333332  0.5  0.833333333333333  0.0
12.041666666666666  12.270833333333332  0.833333333333333  1.166666666666666  0.0
12.041666666666666  12.270833333333332  1.166666666666666  1.5  0.0
12.041666666666666  12.270833333333332  1.5  1.833333333333333  0.0
12.041666666666666  12.270833333333332  1.833333333333333  2.166666666666666  0.0
12.041666666666666  12.270833333333332  2.166666666666666  2.5  0.0
12.270833333333332  12.5  -5.5  -5.166666666666667  0.0
12.270833333333332  12.5  -5.166666666666667  -4.833333333333333  0.0
12.270833333333332  12.5  -4.833333333333333  -4.5  0.0
12.270833333333332  12.5  -4.5  -4.166666666666667  0.0
12.270833333333332  12.5  -4.166666666666667  -3.8333333333333335  0.0
12.270833333333332  12.5  -3.8333333333333335  -3.5  0.0
12.270833333333332  12.5  -3.5  -3.166666666666667  0.0
12.270833333333332  12.5  -3.166666666666667  -2.8333333333333335  0.0
12.270833333333332  12.5  -2.8333333333333335  -2.5  0.0
12.270833333333332  12.5  -2.5  -2.166666666666667  0.0
12.270833333333332  12.5  -2.166666666666667  -1.8333333333333335  0.0
12.270833333333332  12.5  -1.8333333333333335  -1.5  0.0
12.270833333333332  12.5  -1.5  -1.166666666666667  0.0
12.270833333333332  12.5  -1.166666666666667  -0.8333333333333339  0.0
12.270833333333332  12.5  -0.8333333333333339  -0.5  0.0
12.270833333333332  12.5  -0.5  -0.16666666666666696  0.0
12.270833333333332  12.5  -0.16666666666666696  0.16666666666666607  0.0
12.270833333333332  12.5  0.16666666666666607  0.5  0.0
12.270833333333332  12.5  0.5  0.833333333333333  0.0
12.270833333333332  12.5  0.833333333333333  1.166666666666666  0.0
12.270833333333332  12.5  1.166666666666666  1.5  0.0
12.270833333333332  12.5  1.5  1.833333333333333  0.0
12.270833333333332  12.5  1.833333333333333  2.166666666666666  0.0
12.270833333333332  12.5  2.166666666666666  2.5  0.0
