logMsmin    logMsmax    logSFRmin    logSFRmax    Prob
7.0  7.229166666666667  -5.5  -5.166666666666667  0.0
7.0  7.229166666666667  -5.166666666666667  -4.833333333333333  0.0
7.0  7.229166666666667  -4.833333333333333  -4.5  0.0
7.0  7.229166666666667  -4.5  -4.166666666666667  0.0
7.0  7.229166666666667  -4.166666666666667  -3.8333333333333335  0.0
7.0  7.229166666666667  -3.8333333333333335  -3.5  0.0
7.0  7.229166666666667  -3.5  -3.166666666666667  7.508616556342536e-06
7.0  7.229166666666667  -3.166666666666667  -2.8333333333333335  6.473535113181669e-05
7.0  7.229166666666667  -2.8333333333333335  -2.5  8.571273227063635e-05
7.0  7.229166666666667  -2.5  -2.166666666666667  7.983161033626551e-05
7.0  7.229166666666667  -2.166666666666667  -1.8333333333333335  6.842504889990642e-05
7.0  7.229166666666667  -1.8333333333333335  -1.5  5.762069578408353e-05
7.0  7.229166666666667  -1.5  -1.166666666666667  8.004569787290077e-05
7.0  7.229166666666667  -1.166666666666667  -0.8333333333333339  9.27368160406394e-05
7.0  7.229166666666667  -0.8333333333333339  -0.5  7.760676633092557e-05
7.0  7.229166666666667  -0.5  -0.16666666666666696  9.525556783413767e-05
7.0  7.229166666666667  -0.16666666666666696  0.16666666666666607  1.360688450027901e-05
7.0  7.229166666666667  0.16666666666666607  0.5  6.1109087125072555e-06
7.0  7.229166666666667  0.5  0.833333333333333  0.0
7.0  7.229166666666667  0.833333333333333  1.166666666666666  0.0
7.0  7.229166666666667  1.166666666666666  1.5  0.0
7.0  7.229166666666667  1.5  1.833333333333333  0.0
7.0  7.229166666666667  1.833333333333333  2.166666666666666  0.0
7.0  7.229166666666667  2.166666666666666  2.5  0.0
7.229166666666667  7.458333333333333  -5.5  -5.166666666666667  0.0
7.229166666666667  7.458333333333333  -5.166666666666667  -4.833333333333333  0.0
7.229166666666667  7.458333333333333  -4.833333333333333  -4.5  0.0
7.229166666666667  7.458333333333333  -4.5  -4.166666666666667  0.0
7.229166666666667  7.458333333333333  -4.166666666666667  -3.8333333333333335  0.0
7.229166666666667  7.458333333333333  -3.8333333333333335  -3.5  0.0
7.229166666666667  7.458333333333333  -3.5  -3.166666666666667  2.540252744061956e-05
7.229166666666667  7.458333333333333  -3.166666666666667  -2.8333333333333335  0.0001373286416004729
7.229166666666667  7.458333333333333  -2.8333333333333335  -2.5  0.00011220685262081166
7.229166666666667  7.458333333333333  -2.5  -2.166666666666667  8.25173114082518e-05
7.229166666666667  7.458333333333333  -2.166666666666667  -1.8333333333333335  7.194089037122093e-05
7.229166666666667  7.458333333333333  -1.8333333333333335  -1.5  0.00010032457829461136
7.229166666666667  7.458333333333333  -1.5  -1.166666666666667  0.00010258451206296773
7.229166666666667  7.458333333333333  -1.166666666666667  -0.8333333333333339  8.723162436526208e-05
7.229166666666667  7.458333333333333  -0.8333333333333339  -0.5  9.80923360265427e-05
7.229166666666667  7.458333333333333  -0.5  -0.16666666666666696  0.00010647147622140517
7.229166666666667  7.458333333333333  -0.16666666666666696  0.16666666666666607  4.188209007560931e-05
7.229166666666667  7.458333333333333  0.16666666666666607  0.5  3.1204640234173607e-06
7.229166666666667  7.458333333333333  0.5  0.833333333333333  1.950290014635185e-06
7.229166666666667  7.458333333333333  0.833333333333333  1.166666666666666  0.0
7.229166666666667  7.458333333333333  1.166666666666666  1.5  0.0
7.229166666666667  7.458333333333333  1.5  1.833333333333333  0.0
7.229166666666667  7.458333333333333  1.833333333333333  2.166666666666666  0.0
7.229166666666667  7.458333333333333  2.166666666666666  2.5  0.0
7.458333333333333  7.6875  -5.5  -5.166666666666667  0.0
7.458333333333333  7.6875  -5.166666666666667  -4.833333333333333  0.0
7.458333333333333  7.6875  -4.833333333333333  -4.5  0.0
7.458333333333333  7.6875  -4.5  -4.166666666666667  0.0
7.458333333333333  7.6875  -4.166666666666667  -3.8333333333333335  0.0
7.458333333333333  7.6875  -3.8333333333333335  -3.5  0.0
7.458333333333333  7.6875  -3.5  -3.166666666666667  2.058206062111332e-05
7.458333333333333  7.6875  -3.166666666666667  -2.8333333333333335  0.0001514454693648861
7.458333333333333  7.6875  -2.8333333333333335  -2.5  0.00011888085601779094
7.458333333333333  7.6875  -2.5  -2.166666666666667  0.0001661768863957816
7.458333333333333  7.6875  -2.166666666666667  -1.8333333333333335  0.00011173785074078479
7.458333333333333  7.6875  -1.8333333333333335  -1.5  8.695192989931752e-05
7.458333333333333  7.6875  -1.5  -1.166666666666667  0.00018750663322078312
7.458333333333333  7.6875  -1.166666666666667  -0.8333333333333339  0.00011355817624171392
7.458333333333333  7.6875  -0.8333333333333339  -0.5  0.00010672136600665369
7.458333333333333  7.6875  -0.5  -0.16666666666666696  0.0001252787568345453
7.458333333333333  7.6875  -0.16666666666666696  0.16666666666666607  5.961386478068434e-05
7.458333333333333  7.6875  0.16666666666666607  0.5  6.0328971119421405e-05
7.458333333333333  7.6875  0.5  0.833333333333333  0.0
7.458333333333333  7.6875  0.833333333333333  1.166666666666666  0.0
7.458333333333333  7.6875  1.166666666666666  1.5  0.0
7.458333333333333  7.6875  1.5  1.833333333333333  0.0
7.458333333333333  7.6875  1.833333333333333  2.166666666666666  0.0
7.458333333333333  7.6875  2.166666666666666  2.5  0.0
7.6875  7.916666666666667  -5.5  -5.166666666666667  0.0
7.6875  7.916666666666667  -5.166666666666667  -4.833333333333333  0.0
7.6875  7.916666666666667  -4.833333333333333  -4.5  0.0
7.6875  7.916666666666667  -4.5  -4.166666666666667  0.0
7.6875  7.916666666666667  -4.166666666666667  -3.8333333333333335  0.0
7.6875  7.916666666666667  -3.8333333333333335  -3.5  0.0
7.6875  7.916666666666667  -3.5  -3.166666666666667  6.585479282753534e-05
7.6875  7.916666666666667  -3.166666666666667  -2.8333333333333335  0.00021606917137755038
7.6875  7.916666666666667  -2.8333333333333335  -2.5  0.00019581495509398623
7.6875  7.916666666666667  -2.5  -2.166666666666667  0.00022226532783420336
7.6875  7.916666666666667  -2.166666666666667  -1.8333333333333335  0.00015678728753904398
7.6875  7.916666666666667  -1.8333333333333335  -1.5  0.00015107528025433157
7.6875  7.916666666666667  -1.5  -1.166666666666667  0.00023512091940552156
7.6875  7.916666666666667  -1.166666666666667  -0.8333333333333339  0.00020056606415194111
7.6875  7.916666666666667  -0.8333333333333339  -0.5  0.00016348285850564
7.6875  7.916666666666667  -0.5  -0.16666666666666696  0.00016858390470370476
7.6875  7.916666666666667  -0.16666666666666696  0.16666666666666607  2.868294946087456e-05
7.6875  7.916666666666667  0.16666666666666607  0.5  2.949994229546132e-05
7.6875  7.916666666666667  0.5  0.833333333333333  0.0
7.6875  7.916666666666667  0.833333333333333  1.166666666666666  0.0
7.6875  7.916666666666667  1.166666666666666  1.5  0.0
7.6875  7.916666666666667  1.5  1.833333333333333  0.0
7.6875  7.916666666666667  1.833333333333333  2.166666666666666  0.0
7.6875  7.916666666666667  2.166666666666666  2.5  0.0
7.916666666666667  8.145833333333334  -5.5  -5.166666666666667  0.0
7.916666666666667  8.145833333333334  -5.166666666666667  -4.833333333333333  0.0
7.916666666666667  8.145833333333334  -4.833333333333333  -4.5  0.0
7.916666666666667  8.145833333333334  -4.5  -4.166666666666667  0.0
7.916666666666667  8.145833333333334  -4.166666666666667  -3.8333333333333335  0.0
7.916666666666667  8.145833333333334  -3.8333333333333335  -3.5  0.0
7.916666666666667  8.145833333333334  -3.5  -3.166666666666667  8.598611975640606e-05
7.916666666666667  8.145833333333334  -3.166666666666667  -2.8333333333333335  0.00032972280399088305
7.916666666666667  8.145833333333334  -2.8333333333333335  -2.5  0.00022594570213511282
7.916666666666667  8.145833333333334  -2.5  -2.166666666666667  0.00025543199139729334
7.916666666666667  8.145833333333334  -2.166666666666667  -1.8333333333333335  0.0002505285666125798
7.916666666666667  8.145833333333334  -1.8333333333333335  -1.5  0.00023889314514979293
7.916666666666667  8.145833333333334  -1.5  -1.166666666666667  0.00030462838913635604
7.916666666666667  8.145833333333334  -1.166666666666667  -0.8333333333333339  0.00029399503566270095
7.916666666666667  8.145833333333334  -0.8333333333333339  -0.5  0.0002540570904288034
7.916666666666667  8.145833333333334  -0.5  -0.16666666666666696  0.00026661206146626865
7.916666666666667  8.145833333333334  -0.16666666666666696  0.16666666666666607  0.0002765023668255543
7.916666666666667  8.145833333333334  0.16666666666666607  0.5  3.183078597571084e-05
7.916666666666667  8.145833333333334  0.5  0.833333333333333  1.191843897832495e-05
7.916666666666667  8.145833333333334  0.833333333333333  1.166666666666666  2.9904446891111875e-06
7.916666666666667  8.145833333333334  1.166666666666666  1.5  0.0
7.916666666666667  8.145833333333334  1.5  1.833333333333333  0.0
7.916666666666667  8.145833333333334  1.833333333333333  2.166666666666666  0.0
7.916666666666667  8.145833333333334  2.166666666666666  2.5  0.0
8.145833333333334  8.375  -5.5  -5.166666666666667  0.0
8.145833333333334  8.375  -5.166666666666667  -4.833333333333333  0.0
8.145833333333334  8.375  -4.833333333333333  -4.5  0.0
8.145833333333334  8.375  -4.5  -4.166666666666667  0.0
8.145833333333334  8.375  -4.166666666666667  -3.8333333333333335  0.0
8.145833333333334  8.375  -3.8333333333333335  -3.5  0.0
8.145833333333334  8.375  -3.5  -3.166666666666667  0.0
8.145833333333334  8.375  -3.166666666666667  -2.8333333333333335  0.00030920042357978185
8.145833333333334  8.375  -2.8333333333333335  -2.5  0.00035771569351786275
8.145833333333334  8.375  -2.5  -2.166666666666667  0.0003334211681422897
8.145833333333334  8.375  -2.166666666666667  -1.8333333333333335  0.00021943342263375335
8.145833333333334  8.375  -1.8333333333333335  -1.5  0.00031722935219650653
8.145833333333334  8.375  -1.5  -1.166666666666667  0.00033730034260260445
8.145833333333334  8.375  -1.166666666666667  -0.8333333333333339  0.0003352417072828399
8.145833333333334  8.375  -0.8333333333333339  -0.5  0.00034813555243961414
8.145833333333334  8.375  -0.5  -0.16666666666666696  0.0003538930275445094
8.145833333333334  8.375  -0.16666666666666696  0.16666666666666607  0.0003855066508012004
8.145833333333334  8.375  0.16666666666666607  0.5  0.0002983234526020476
8.145833333333334  8.375  0.5  0.833333333333333  1.5862358785683182e-05
8.145833333333334  8.375  0.833333333333333  1.166666666666666  0.0
8.145833333333334  8.375  1.166666666666666  1.5  0.0
8.145833333333334  8.375  1.5  1.833333333333333  0.0
8.145833333333334  8.375  1.833333333333333  2.166666666666666  0.0
8.145833333333334  8.375  2.166666666666666  2.5  0.0
8.375  8.604166666666666  -5.5  -5.166666666666667  0.0
8.375  8.604166666666666  -5.166666666666667  -4.833333333333333  0.0
8.375  8.604166666666666  -4.833333333333333  -4.5  0.0
8.375  8.604166666666666  -4.5  -4.166666666666667  0.0
8.375  8.604166666666666  -4.166666666666667  -3.8333333333333335  0.0
8.375  8.604166666666666  -3.8333333333333335  -3.5  0.0
8.375  8.604166666666666  -3.5  -3.166666666666667  9.335388203411077e-05
8.375  8.604166666666666  -3.166666666666667  -2.8333333333333335  0.0004027998976896169
8.375  8.604166666666666  -2.8333333333333335  -2.5  0.0003869050340697636
8.375  8.604166666666666  -2.5  -2.166666666666667  0.0001996121829981119
8.375  8.604166666666666  -2.166666666666667  -1.8333333333333335  0.00036112258902372884
8.375  8.604166666666666  -1.8333333333333335  -1.5  0.0007588123580551669
8.375  8.604166666666666  -1.5  -1.166666666666667  0.00038169834805887044
8.375  8.604166666666666  -1.166666666666667  -0.8333333333333339  0.0005649837120922094
8.375  8.604166666666666  -0.8333333333333339  -0.5  0.0006556224983110311
8.375  8.604166666666666  -0.5  -0.16666666666666696  0.000577675703921684
8.375  8.604166666666666  -0.16666666666666696  0.16666666666666607  0.000599711020723758
8.375  8.604166666666666  0.16666666666666607  0.5  0.0007153167336226779
8.375  8.604166666666666  0.5  0.833333333333333  3.2569843244422143e-05
8.375  8.604166666666666  0.833333333333333  1.166666666666666  3.96558969642878e-05
8.375  8.604166666666666  1.166666666666666  1.5  0.0
8.375  8.604166666666666  1.5  1.833333333333333  0.0
8.375  8.604166666666666  1.833333333333333  2.166666666666666  0.0
8.375  8.604166666666666  2.166666666666666  2.5  0.0
8.604166666666666  8.833333333333334  -5.5  -5.166666666666667  0.0
8.604166666666666  8.833333333333334  -5.166666666666667  -4.833333333333333  0.0
8.604166666666666  8.833333333333334  -4.833333333333333  -4.5  0.0
8.604166666666666  8.833333333333334  -4.5  -4.166666666666667  0.0
8.604166666666666  8.833333333333334  -4.166666666666667  -3.8333333333333335  0.0
8.604166666666666  8.833333333333334  -3.8333333333333335  -3.5  0.0
8.604166666666666  8.833333333333334  -3.5  -3.166666666666667  0.00016707484458721217
8.604166666666666  8.833333333333334  -3.166666666666667  -2.8333333333333335  0.0
8.604166666666666  8.833333333333334  -2.8333333333333335  -2.5  1.5602320117113422e-06
8.604166666666666  8.833333333333334  -2.5  -2.166666666666667  0.0004114461834210253
8.604166666666666  8.833333333333334  -2.166666666666667  -1.8333333333333335  0.0005803412986886624
8.604166666666666  8.833333333333334  -1.8333333333333335  -1.5  0.0005839948419826983
8.604166666666666  8.833333333333334  -1.5  -1.166666666666667  0.000373957881512745
8.604166666666666  8.833333333333334  -1.166666666666667  -0.8333333333333339  0.0006671630739255226
8.604166666666666  8.833333333333334  -0.8333333333333339  -0.5  0.0006065400549728874
8.604166666666666  8.833333333333334  -0.5  -0.16666666666666696  0.0009147384636633212
8.604166666666666  8.833333333333334  -0.16666666666666696  0.16666666666666607  0.0010707921787539792
8.604166666666666  8.833333333333334  0.16666666666666607  0.5  0.0009430166441375599
8.604166666666666  8.833333333333334  0.5  0.833333333333333  4.0284323746744564e-05
8.604166666666666  8.833333333333334  0.833333333333333  1.166666666666666  6.669991850059998e-05
8.604166666666666  8.833333333333334  1.166666666666666  1.5  0.0
8.604166666666666  8.833333333333334  1.5  1.833333333333333  0.0
8.604166666666666  8.833333333333334  1.833333333333333  2.166666666666666  0.0
8.604166666666666  8.833333333333334  2.166666666666666  2.5  0.0
8.833333333333334  9.0625  -5.5  -5.166666666666667  0.0
8.833333333333334  9.0625  -5.166666666666667  -4.833333333333333  0.0
8.833333333333334  9.0625  -4.833333333333333  -4.5  0.0
8.833333333333334  9.0625  -4.5  -4.166666666666667  0.0
8.833333333333334  9.0625  -4.166666666666667  -3.8333333333333335  0.0
8.833333333333334  9.0625  -3.8333333333333335  -3.5  0.0
8.833333333333334  9.0625  -3.5  -3.166666666666667  0.0
8.833333333333334  9.0625  -3.166666666666667  -2.8333333333333335  0.0
8.833333333333334  9.0625  -2.8333333333333335  -2.5  4.290638032199536e-06
8.833333333333334  9.0625  -2.5  -2.166666666666667  7.931179392860222e-06
8.833333333333334  9.0625  -2.166666666666667  -1.8333333333333335  0.000139900803716712
8.833333333333334  9.0625  -1.8333333333333335  -1.5  0.00031226310123201573
8.833333333333334  9.0625  -1.5  -1.166666666666667  0.0008945070161795852
8.833333333333334  9.0625  -1.166666666666667  -0.8333333333333339  0.0006431519880540316
8.833333333333334  9.0625  -0.8333333333333339  -0.5  0.0009353542463277969
8.833333333333334  9.0625  -0.5  -0.16666666666666696  0.0010173159294837259
8.833333333333334  9.0625  -0.16666666666666696  0.16666666666666607  0.0010774611691987768
8.833333333333334  9.0625  0.16666666666666607  0.5  0.0011884590005482808
8.833333333333334  9.0625  0.5  0.833333333333333  0.0009512647895832848
8.833333333333334  9.0625  0.833333333333333  1.166666666666666  0.0
8.833333333333334  9.0625  1.166666666666666  1.5  0.0
8.833333333333334  9.0625  1.5  1.833333333333333  0.0
8.833333333333334  9.0625  1.833333333333333  2.166666666666666  0.0
8.833333333333334  9.0625  2.166666666666666  2.5  0.0
9.0625  9.291666666666666  -5.5  -5.166666666666667  0.0
9.0625  9.291666666666666  -5.166666666666667  -4.833333333333333  0.0
9.0625  9.291666666666666  -4.833333333333333  -4.5  0.0
9.0625  9.291666666666666  -4.5  -4.166666666666667  0.0
9.0625  9.291666666666666  -4.166666666666667  -3.8333333333333335  0.0
9.0625  9.291666666666666  -3.8333333333333335  -3.5  0.0
9.0625  9.291666666666666  -3.5  -3.166666666666667  0.0
9.0625  9.291666666666666  -3.166666666666667  -2.8333333333333335  0.0
9.0625  9.291666666666666  -2.8333333333333335  -2.5  0.0
9.0625  9.291666666666666  -2.5  -2.166666666666667  9.881469407514038e-06
9.0625  9.291666666666666  -2.166666666666667  -1.8333333333333335  2.9904446891111875e-06
9.0625  9.291666666666666  -1.8333333333333335  -1.5  0.0
9.0625  9.291666666666666  -1.5  -1.166666666666667  1.2221817425067744e-05
9.0625  9.291666666666666  -1.166666666666667  -0.8333333333333339  0.0002621839876343019
9.0625  9.291666666666666  -0.8333333333333339  -0.5  0.001032465197688467
9.0625  9.291666666666666  -0.5  -0.16666666666666696  0.0010239051497182626
9.0625  9.291666666666666  -0.16666666666666696  0.16666666666666607  0.001817416524879926
9.0625  9.291666666666666  0.16666666666666607  0.5  0.0018839865071135112
9.0625  9.291666666666666  0.5  0.833333333333333  0.0016874832493355095
9.0625  9.291666666666666  0.833333333333333  1.166666666666666  2.5808837860366276e-05
9.0625  9.291666666666666  1.166666666666666  1.5  0.0
9.0625  9.291666666666666  1.5  1.833333333333333  0.0
9.0625  9.291666666666666  1.833333333333333  2.166666666666666  0.0
9.0625  9.291666666666666  2.166666666666666  2.5  0.0
9.291666666666666  9.520833333333332  -5.5  -5.166666666666667  0.0
9.291666666666666  9.520833333333332  -5.166666666666667  -4.833333333333333  0.0
9.291666666666666  9.520833333333332  -4.833333333333333  -4.5  0.0
9.291666666666666  9.520833333333332  -4.5  -4.166666666666667  0.0
9.291666666666666  9.520833333333332  -4.166666666666667  -3.8333333333333335  0.0
9.291666666666666  9.520833333333332  -3.8333333333333335  -3.5  0.0
9.291666666666666  9.520833333333332  -3.5  -3.166666666666667  0.0
9.291666666666666  9.520833333333332  -3.166666666666667  -2.8333333333333335  0.0
9.291666666666666  9.520833333333332  -2.8333333333333335  -2.5  0.0
9.291666666666666  9.520833333333332  -2.5  -2.166666666666667  0.0
9.291666666666666  9.520833333333332  -2.166666666666667  -1.8333333333333335  0.0
9.291666666666666  9.520833333333332  -1.8333333333333335  -1.5  0.0
9.291666666666666  9.520833333333332  -1.5  -1.166666666666667  0.0
9.291666666666666  9.520833333333332  -1.166666666666667  -0.8333333333333339  0.0004141765894417531
9.291666666666666  9.520833333333332  -0.8333333333333339  -0.5  0.0007151063386999228
9.291666666666666  9.520833333333332  -0.5  -0.16666666666666696  0.0008592544406707312
9.291666666666666  9.520833333333332  -0.16666666666666696  0.16666666666666607  0.001711133284565926
9.291666666666666  9.520833333333332  0.16666666666666607  0.5  0.003261713855467717
9.291666666666666  9.520833333333332  0.5  0.833333333333333  0.0031545421941304268
9.291666666666666  9.520833333333332  0.833333333333333  1.166666666666666  0.0029834063091455677
9.291666666666666  9.520833333333332  1.166666666666666  1.5  0.0
9.291666666666666  9.520833333333332  1.5  1.833333333333333  0.0
9.291666666666666  9.520833333333332  1.833333333333333  2.166666666666666  0.0
9.291666666666666  9.520833333333332  2.166666666666666  2.5  0.0
9.520833333333332  9.75  -5.5  -5.166666666666667  0.0
9.520833333333332  9.75  -5.166666666666667  -4.833333333333333  0.0
9.520833333333332  9.75  -4.833333333333333  -4.5  0.0
9.520833333333332  9.75  -4.5  -4.166666666666667  0.0
9.520833333333332  9.75  -4.166666666666667  -3.8333333333333335  0.0
9.520833333333332  9.75  -3.8333333333333335  -3.5  0.0
9.520833333333332  9.75  -3.5  -3.166666666666667  0.0
9.520833333333332  9.75  -3.166666666666667  -2.8333333333333335  0.0
9.520833333333332  9.75  -2.8333333333333335  -2.5  0.0
9.520833333333332  9.75  -2.5  -2.166666666666667  0.0
9.520833333333332  9.75  -2.166666666666667  -1.8333333333333335  0.0
9.520833333333332  9.75  -1.8333333333333335  -1.5  0.0002469067158530338
9.520833333333332  9.75  -1.5  -1.166666666666667  0.0
9.520833333333332  9.75  -1.166666666666667  -0.8333333333333339  0.0006993739992495891
9.520833333333332  9.75  -0.8333333333333339  -0.5  0.0
9.520833333333332  9.75  -0.5  -0.16666666666666696  0.000835861795440228
9.520833333333332  9.75  -0.16666666666666696  0.16666666666666607  0.0025184636706194136
9.520833333333332  9.75  0.16666666666666607  0.5  0.0026281436470684564
9.520833333333332  9.75  0.5  0.833333333333333  0.004459634473222536
9.520833333333332  9.75  0.833333333333333  1.166666666666666  0.004980529173949211
9.520833333333332  9.75  1.166666666666666  1.5  0.0023350172248557434
9.520833333333332  9.75  1.5  1.833333333333333  0.0
9.520833333333332  9.75  1.833333333333333  2.166666666666666  0.0
9.520833333333332  9.75  2.166666666666666  2.5  0.0
9.75  9.979166666666666  -5.5  -5.166666666666667  0.0
9.75  9.979166666666666  -5.166666666666667  -4.833333333333333  0.0
9.75  9.979166666666666  -4.833333333333333  -4.5  0.0
9.75  9.979166666666666  -4.5  -4.166666666666667  0.0
9.75  9.979166666666666  -4.166666666666667  -3.8333333333333335  0.0
9.75  9.979166666666666  -3.8333333333333335  -3.5  0.0
9.75  9.979166666666666  -3.5  -3.166666666666667  0.0
9.75  9.979166666666666  -3.166666666666667  -2.8333333333333335  0.0
9.75  9.979166666666666  -2.8333333333333335  -2.5  0.0
9.75  9.979166666666666  -2.5  -2.166666666666667  0.0
9.75  9.979166666666666  -2.166666666666667  -1.8333333333333335  0.0005237612183752744
9.75  9.979166666666666  -1.8333333333333335  -1.5  0.0006959934965576498
9.75  9.979166666666666  -1.5  -1.166666666666667  0.0014188034808138854
9.75  9.979166666666666  -1.166666666666667  -0.8333333333333339  0.0006706397263654441
9.75  9.979166666666666  -0.8333333333333339  -0.5  0.003789716876881637
9.75  9.979166666666666  -0.5  -0.16666666666666696  0.0025107166852846516
9.75  9.979166666666666  -0.16666666666666696  0.16666666666666607  0.0030849167374170073
9.75  9.979166666666666  0.16666666666666607  0.5  0.0032750862662630238
9.75  9.979166666666666  0.5  0.833333333333333  0.006714872398947113
9.75  9.979166666666666  0.833333333333333  1.166666666666666  0.005172614600668777
9.75  9.979166666666666  1.166666666666666  1.5  0.005162976575383591
9.75  9.979166666666666  1.5  1.833333333333333  0.002164496867910115
9.75  9.979166666666666  1.833333333333333  2.166666666666666  0.0
9.75  9.979166666666666  2.166666666666666  2.5  0.0
9.979166666666666  10.208333333333332  -5.5  -5.166666666666667  0.0
9.979166666666666  10.208333333333332  -5.166666666666667  -4.833333333333333  0.0
9.979166666666666  10.208333333333332  -4.833333333333333  -4.5  0.0
9.979166666666666  10.208333333333332  -4.5  -4.166666666666667  0.0
9.979166666666666  10.208333333333332  -4.166666666666667  -3.8333333333333335  0.0
9.979166666666666  10.208333333333332  -3.8333333333333335  -3.5  0.0
9.979166666666666  10.208333333333332  -3.5  -3.166666666666667  0.0
9.979166666666666  10.208333333333332  -3.166666666666667  -2.8333333333333335  0.0
9.979166666666666  10.208333333333332  -2.8333333333333335  -2.5  0.0
9.979166666666666  10.208333333333332  -2.5  -2.166666666666667  0.0016544960290825193
9.979166666666666  10.208333333333332  -2.166666666666667  -1.8333333333333335  0.000845385711678392
9.979166666666666  10.208333333333332  -1.8333333333333335  -1.5  0.0
9.979166666666666  10.208333333333332  -1.5  -1.166666666666667  0.0007023644439384075
9.979166666666666  10.208333333333332  -1.166666666666667  -0.8333333333333339  0.0027640810280754307
9.979166666666666  10.208333333333332  -0.8333333333333339  -0.5  0.005309391524246872
9.979166666666666  10.208333333333332  -0.5  -0.16666666666666696  0.005474930696027721
9.979166666666666  10.208333333333332  -0.16666666666666696  0.16666666666666607  0.005047796338454361
9.979166666666666  10.208333333333332  0.16666666666666607  0.5  0.005234124354915701
9.979166666666666  10.208333333333332  0.5  0.833333333333333  0.010124371636767892
9.979166666666666  10.208333333333332  0.833333333333333  1.166666666666666  0.010928505907642723
9.979166666666666  10.208333333333332  1.166666666666666  1.5  0.008508860077349988
9.979166666666666  10.208333333333332  1.5  1.833333333333333  0.0032995749435243485
9.979166666666666  10.208333333333332  1.833333333333333  2.166666666666666  0.0
9.979166666666666  10.208333333333332  2.166666666666666  2.5  0.0
10.208333333333332  10.4375  -5.5  -5.166666666666667  0.0
10.208333333333332  10.4375  -5.166666666666667  -4.833333333333333  0.0
10.208333333333332  10.4375  -4.833333333333333  -4.5  0.0
10.208333333333332  10.4375  -4.5  -4.166666666666667  0.0
10.208333333333332  10.4375  -4.166666666666667  -3.8333333333333335  0.0
10.208333333333332  10.4375  -3.8333333333333335  -3.5  0.0
10.208333333333332  10.4375  -3.5  -3.166666666666667  0.0
10.208333333333332  10.4375  -3.166666666666667  -2.8333333333333335  0.0
10.208333333333332  10.4375  -2.8333333333333335  -2.5  0.0
10.208333333333332  10.4375  -2.5  -2.166666666666667  0.0
10.208333333333332  10.4375  -2.166666666666667  -1.8333333333333335  0.0
10.208333333333332  10.4375  -1.8333333333333335  -1.5  0.0
10.208333333333332  10.4375  -1.5  -1.166666666666667  0.0009780054326755862
10.208333333333332  10.4375  -1.166666666666667  -0.8333333333333339  0.0038557233589354327
10.208333333333332  10.4375  -0.8333333333333339  -0.5  0.00762656576245596
10.208333333333332  10.4375  -0.5  -0.16666666666666696  0.006187750139105551
10.208333333333332  10.4375  -0.16666666666666696  0.16666666666666607  0.010326352229720465
10.208333333333332  10.4375  0.16666666666666607  0.5  0.010042437986917447
10.208333333333332  10.4375  0.5  0.833333333333333  0.013985511120771295
10.208333333333332  10.4375  0.833333333333333  1.166666666666666  0.015640926240062646
10.208333333333332  10.4375  1.166666666666666  1.5  0.013377283739610168
10.208333333333332  10.4375  1.5  1.833333333333333  0.016456202592276536
10.208333333333332  10.4375  1.833333333333333  2.166666666666666  0.0
10.208333333333332  10.4375  2.166666666666666  2.5  0.0
10.4375  10.666666666666666  -5.5  -5.166666666666667  0.0
10.4375  10.666666666666666  -5.166666666666667  -4.833333333333333  0.0
10.4375  10.666666666666666  -4.833333333333333  -4.5  0.0
10.4375  10.666666666666666  -4.5  -4.166666666666667  0.0
10.4375  10.666666666666666  -4.166666666666667  -3.8333333333333335  0.0
10.4375  10.666666666666666  -3.8333333333333335  -3.5  0.0
10.4375  10.666666666666666  -3.5  -3.166666666666667  0.0
10.4375  10.666666666666666  -3.166666666666667  -2.8333333333333335  0.0
10.4375  10.666666666666666  -2.8333333333333335  -2.5  0.0
10.4375  10.666666666666666  -2.5  -2.166666666666667  0.0
10.4375  10.666666666666666  -2.166666666666667  -1.8333333333333335  0.0
10.4375  10.666666666666666  -1.8333333333333335  -1.5  0.0
10.4375  10.666666666666666  -1.5  -1.166666666666667  0.0
10.4375  10.666666666666666  -1.166666666666667  -0.8333333333333339  0.0
10.4375  10.666666666666666  -0.8333333333333339  -0.5  0.006333761851534887
10.4375  10.666666666666666  -0.5  -0.16666666666666696  0.008706311324225658
10.4375  10.666666666666666  -0.16666666666666696  0.16666666666666607  0.007966392962562154
10.4375  10.666666666666666  0.16666666666666607  0.5  0.013956535383401107
10.4375  10.666666666666666  0.5  0.833333333333333  0.012007104941036097
10.4375  10.666666666666666  0.833333333333333  1.166666666666666  0.0221371077506914
10.4375  10.666666666666666  1.166666666666666  1.5  0.022055720259588366
10.4375  10.666666666666666  1.5  1.833333333333333  0.023696702201687604
10.4375  10.666666666666666  1.833333333333333  2.166666666666666  0.008316914252914368
10.4375  10.666666666666666  2.166666666666666  2.5  0.0
10.666666666666666  10.895833333333332  -5.5  -5.166666666666667  0.0
10.666666666666666  10.895833333333332  -5.166666666666667  -4.833333333333333  0.0
10.666666666666666  10.895833333333332  -4.833333333333333  -4.5  0.0
10.666666666666666  10.895833333333332  -4.5  -4.166666666666667  0.0
10.666666666666666  10.895833333333332  -4.166666666666667  -3.8333333333333335  0.0
10.666666666666666  10.895833333333332  -3.8333333333333335  -3.5  0.0
10.666666666666666  10.895833333333332  -3.5  -3.166666666666667  0.0
10.666666666666666  10.895833333333332  -3.166666666666667  -2.8333333333333335  0.0
10.666666666666666  10.895833333333332  -2.8333333333333335  -2.5  0.0
10.666666666666666  10.895833333333332  -2.5  -2.166666666666667  0.0
10.666666666666666  10.895833333333332  -2.166666666666667  -1.8333333333333335  0.0
10.666666666666666  10.895833333333332  -1.8333333333333335  -1.5  0.0
10.666666666666666  10.895833333333332  -1.5  -1.166666666666667  0.0
10.666666666666666  10.895833333333332  -1.166666666666667  -0.8333333333333339  0.0
10.666666666666666  10.895833333333332  -0.8333333333333339  -0.5  0.0026889298528478575
10.666666666666666  10.895833333333332  -0.5  -0.16666666666666696  0.0047288031888220936
10.666666666666666  10.895833333333332  -0.16666666666666696  0.16666666666666607  0.005161377514070134
10.666666666666666  10.895833333333332  0.16666666666666607  0.5  0.01841262301854935
10.666666666666666  10.895833333333332  0.5  0.833333333333333  0.015093034384586729
10.666666666666666  10.895833333333332  0.833333333333333  1.166666666666666  0.021989991235112985
10.666666666666666  10.895833333333332  1.166666666666666  1.5  0.031052916422348104
10.666666666666666  10.895833333333332  1.5  1.833333333333333  0.03483013727436908
10.666666666666666  10.895833333333332  1.833333333333333  2.166666666666666  0.015003971140602916
10.666666666666666  10.895833333333332  2.166666666666666  2.5  0.0
10.895833333333332  11.125  -5.5  -5.166666666666667  0.0
10.895833333333332  11.125  -5.166666666666667  -4.833333333333333  0.0
10.895833333333332  11.125  -4.833333333333333  -4.5  0.0
10.895833333333332  11.125  -4.5  -4.166666666666667  0.0
10.895833333333332  11.125  -4.166666666666667  -3.8333333333333335  0.0
10.895833333333332  11.125  -3.8333333333333335  -3.5  0.0
10.895833333333332  11.125  -3.5  -3.166666666666667  0.0
10.895833333333332  11.125  -3.166666666666667  -2.8333333333333335  0.0
10.895833333333332  11.125  -2.8333333333333335  -2.5  0.0
10.895833333333332  11.125  -2.5  -2.166666666666667  0.0
10.895833333333332  11.125  -2.166666666666667  -1.8333333333333335  0.0
10.895833333333332  11.125  -1.8333333333333335  -1.5  0.0
10.895833333333332  11.125  -1.5  -1.166666666666667  0.0
10.895833333333332  11.125  -1.166666666666667  -0.8333333333333339  0.0
10.895833333333332  11.125  -0.8333333333333339  -0.5  0.0
10.895833333333332  11.125  -0.5  -0.16666666666666696  0.0
10.895833333333332  11.125  -0.16666666666666696  0.16666666666666607  0.0
10.895833333333332  11.125  0.16666666666666607  0.5  0.010389779994979694
10.895833333333332  11.125  0.5  0.833333333333333  0.0
10.895833333333332  11.125  0.833333333333333  1.166666666666666  0.04367617604321397
10.895833333333332  11.125  1.166666666666666  1.5  0.050505284471090844
10.895833333333332  11.125  1.5  1.833333333333333  0.048642326276332734
10.895833333333332  11.125  1.833333333333333  2.166666666666666  0.036936477577525786
10.895833333333332  11.125  2.166666666666666  2.5  0.0
11.125  11.354166666666666  -5.5  -5.166666666666667  0.0
11.125  11.354166666666666  -5.166666666666667  -4.833333333333333  0.0
11.125  11.354166666666666  -4.833333333333333  -4.5  0.0
11.125  11.354166666666666  -4.5  -4.166666666666667  0.0
11.125  11.354166666666666  -4.166666666666667  -3.8333333333333335  0.0
11.125  11.354166666666666  -3.8333333333333335  -3.5  0.0
11.125  11.354166666666666  -3.5  -3.166666666666667  0.0
11.125  11.354166666666666  -3.166666666666667  -2.8333333333333335  0.0
11.125  11.354166666666666  -2.8333333333333335  -2.5  0.0
11.125  11.354166666666666  -2.5  -2.166666666666667  0.0
11.125  11.354166666666666  -2.166666666666667  -1.8333333333333335  0.0
11.125  11.354166666666666  -1.8333333333333335  -1.5  0.0
11.125  11.354166666666666  -1.5  -1.166666666666667  0.0
11.125  11.354166666666666  -1.166666666666667  -0.8333333333333339  0.0
11.125  11.354166666666666  -0.8333333333333339  -0.5  0.0
11.125  11.354166666666666  -0.5  -0.16666666666666696  0.0
11.125  11.354166666666666  -0.16666666666666696  0.16666666666666607  0.0
11.125  11.354166666666666  0.16666666666666607  0.5  0.0
11.125  11.354166666666666  0.5  0.833333333333333  0.0
11.125  11.354166666666666  0.833333333333333  1.166666666666666  0.0
11.125  11.354166666666666  1.166666666666666  1.5  0.05061145609248015
11.125  11.354166666666666  1.5  1.833333333333333  0.07053843596759721
11.125  11.354166666666666  1.833333333333333  2.166666666666666  0.0698851321524449
11.125  11.354166666666666  2.166666666666666  2.5  0.0
11.354166666666666  11.583333333333332  -5.5  -5.166666666666667  0.0
11.354166666666666  11.583333333333332  -5.166666666666667  -4.833333333333333  0.0
11.354166666666666  11.583333333333332  -4.833333333333333  -4.5  0.0
11.354166666666666  11.583333333333332  -4.5  -4.166666666666667  0.0
11.354166666666666  11.583333333333332  -4.166666666666667  -3.8333333333333335  0.0
11.354166666666666  11.583333333333332  -3.8333333333333335  -3.5  0.0
11.354166666666666  11.583333333333332  -3.5  -3.166666666666667  0.0
11.354166666666666  11.583333333333332  -3.166666666666667  -2.8333333333333335  0.0
11.354166666666666  11.583333333333332  -2.8333333333333335  -2.5  0.0
11.354166666666666  11.583333333333332  -2.5  -2.166666666666667  0.0
11.354166666666666  11.583333333333332  -2.166666666666667  -1.8333333333333335  0.0
11.354166666666666  11.583333333333332  -1.8333333333333335  -1.5  0.0
11.354166666666666  11.583333333333332  -1.5  -1.166666666666667  0.0
11.354166666666666  11.583333333333332  -1.166666666666667  -0.8333333333333339  0.0
11.354166666666666  11.583333333333332  -0.8333333333333339  -0.5  0.0
11.354166666666666  11.583333333333332  -0.5  -0.16666666666666696  0.0
11.354166666666666  11.583333333333332  -0.16666666666666696  0.16666666666666607  0.0
11.354166666666666  11.583333333333332  0.16666666666666607  0.5  0.0
11.354166666666666  11.583333333333332  0.5  0.833333333333333  0.0
11.354166666666666  11.583333333333332  0.833333333333333  1.166666666666666  0.0
11.354166666666666  11.583333333333332  1.166666666666666  1.5  0.0
11.354166666666666  11.583333333333332  1.5  1.833333333333333  0.0
11.354166666666666  11.583333333333332  1.833333333333333  2.166666666666666  0.0
11.354166666666666  11.583333333333332  2.166666666666666  2.5  0.08090726117986138
11.583333333333332  11.8125  -5.5  -5.166666666666667  0.0
11.583333333333332  11.8125  -5.166666666666667  -4.833333333333333  0.0
11.583333333333332  11.8125  -4.833333333333333  -4.5  0.0
11.583333333333332  11.8125  -4.5  -4.166666666666667  0.0
11.583333333333332  11.8125  -4.166666666666667  -3.8333333333333335  0.0
11.583333333333332  11.8125  -3.8333333333333335  -3.5  0.0
11.583333333333332  11.8125  -3.5  -3.166666666666667  0.0
11.583333333333332  11.8125  -3.166666666666667  -2.8333333333333335  0.0
11.583333333333332  11.8125  -2.8333333333333335  -2.5  0.0
11.583333333333332  11.8125  -2.5  -2.166666666666667  0.0
11.583333333333332  11.8125  -2.166666666666667  -1.8333333333333335  0.0
11.583333333333332  11.8125  -1.8333333333333335  -1.5  0.0
11.583333333333332  11.8125  -1.5  -1.166666666666667  0.0
11.583333333333332  11.8125  -1.166666666666667  -0.8333333333333339  0.0
11.583333333333332  11.8125  -0.8333333333333339  -0.5  0.0
11.583333333333332  11.8125  -0.5  -0.16666666666666696  0.0
11.583333333333332  11.8125  -0.16666666666666696  0.16666666666666607  0.0
11.583333333333332  11.8125  0.16666666666666607  0.5  0.0
11.583333333333332  11.8125  0.5  0.833333333333333  0.0
11.583333333333332  11.8125  0.833333333333333  1.166666666666666  0.0
11.583333333333332  11.8125  1.166666666666666  1.5  0.0
11.583333333333332  11.8125  1.5  1.833333333333333  0.0
11.583333333333332  11.8125  1.833333333333333  2.166666666666666  0.0
11.583333333333332  11.8125  2.166666666666666  2.5  0.0
11.8125  12.041666666666666  -5.5  -5.166666666666667  0.0
11.8125  12.041666666666666  -5.166666666666667  -4.833333333333333  0.0
11.8125  12.041666666666666  -4.833333333333333  -4.5  0.0
11.8125  12.041666666666666  -4.5  -4.166666666666667  0.0
11.8125  12.041666666666666  -4.166666666666667  -3.8333333333333335  0.0
11.8125  12.041666666666666  -3.8333333333333335  -3.5  0.0
11.8125  12.041666666666666  -3.5  -3.166666666666667  0.0
11.8125  12.041666666666666  -3.166666666666667  -2.8333333333333335  0.0
11.8125  12.041666666666666  -2.8333333333333335  -2.5  0.0
11.8125  12.041666666666666  -2.5  -2.166666666666667  0.0
11.8125  12.041666666666666  -2.166666666666667  -1.8333333333333335  0.0
11.8125  12.041666666666666  -1.8333333333333335  -1.5  0.0
11.8125  12.041666666666666  -1.5  -1.166666666666667  0.0
11.8125  12.041666666666666  -1.166666666666667  -0.8333333333333339  0.0
11.8125  12.041666666666666  -0.8333333333333339  -0.5  0.0
11.8125  12.041666666666666  -0.5  -0.16666666666666696  0.0
11.8125  12.041666666666666  -0.16666666666666696  0.16666666666666607  0.0
11.8125  12.041666666666666  0.16666666666666607  0.5  0.0
11.8125  12.041666666666666  0.5  0.833333333333333  0.0
11.8125  12.041666666666666  0.833333333333333  1.166666666666666  0.0
11.8125  12.041666666666666  1.166666666666666  1.5  0.0
11.8125  12.041666666666666  1.5  1.833333333333333  0.0
11.8125  12.041666666666666  1.833333333333333  2.166666666666666  0.0
11.8125  12.041666666666666  2.166666666666666  2.5  0.0
12.041666666666666  12.270833333333332  -5.5  -5.166666666666667  0.0
12.041666666666666  12.270833333333332  -5.166666666666667  -4.833333333333333  0.0
12.041666666666666  12.270833333333332  -4.833333333333333  -4.5  0.0
12.041666666666666  12.270833333333332  -4.5  -4.166666666666667  0.0
12.041666666666666  12.270833333333332  -4.166666666666667  -3.8333333333333335  0.0
12.041666666666666  12.270833333333332  -3.8333333333333335  -3.5  0.0
12.041666666666666  12.270833333333332  -3.5  -3.166666666666667  0.0
12.041666666666666  12.270833333333332  -3.166666666666667  -2.8333333333333335  0.0
12.041666666666666  12.270833333333332  -2.8333333333333335  -2.5  0.0
12.041666666666666  12.270833333333332  -2.5  -2.166666666666667  0.0
12.041666666666666  12.270833333333332  -2.166666666666667  -1.8333333333333335  0.0
12.041666666666666  12.270833333333332  -1.8333333333333335  -1.5  0.0
12.041666666666666  12.270833333333332  -1.5  -1.166666666666667  0.0
12.041666666666666  12.270833333333332  -1.166666666666667  -0.8333333333333339  0.0
12.041666666666666  12.270833333333332  -0.8333333333333339  -0.5  0.0
12.041666666666666  12.270833333333332  -0.5  -0.16666666666666696  0.0
12.041666666666666  12.270833333333332  -0.16666666666666696  0.16666666666666607  0.0
12.041666666666666  12.270833333333332  0.16666666666666607  0.5  0.0
12.041666666666666  12.270833333333332  0.5  0.833333333333333  0.0
12.041666666666666  12.270833333333332  0.833333333333333  1.166666666666666  0.0
12.041666666666666  12.270833333333332  1.166666666666666  1.5  0.0
12.041666666666666  12.270833333333332  1.5  1.833333333333333  0.0
12.041666666666666  12.270833333333332  1.833333333333333  2.166666666666666  0.0
12.041666666666666  12.270833333333332  2.166666666666666  2.5  0.0
12.270833333333332  12.5  -5.5  -5.166666666666667  0.0
12.270833333333332  12.5  -5.166666666666667  -4.833333333333333  0.0
12.270833333333332  12.5  -4.833333333333333  -4.5  0.0
12.270833333333332  12.5  -4.5  -4.166666666666667  0.0
12.270833333333332  12.5  -4.166666666666667  -3.8333333333333335  0.0
12.270833333333332  12.5  -3.8333333333333335  -3.5  0.0
12.270833333333332  12.5  -3.5  -3.166666666666667  0.0
12.270833333333332  12.5  -3.166666666666667  -2.8333333333333335  0.0
12.270833333333332  12.5  -2.8333333333333335  -2.5  0.0
12.270833333333332  12.5  -2.5  -2.166666666666667  0.0
12.270833333333332  12.5  -2.166666666666667  -1.8333333333333335  0.0
12.270833333333332  12.5  -1.8333333333333335  -1.5  0.0
12.270833333333332  12.5  -1.5  -1.166666666666667  0.0
12.270833333333332  12.5  -1.166666666666667  -0.8333333333333339  0.0
12.270833333333332  12.5  -0.8333333333333339  -0.5  0.0
12.270833333333332  12.5  -0.5  -0.16666666666666696  0.0
12.270833333333332  12.5  -0.16666666666666696  0.16666666666666607  0.0
12.270833333333332  12.5  0.16666666666666607  0.5  0.0
12.270833333333332  12.5  0.5  0.833333333333333  0.0
12.270833333333332  12.5  0.833333333333333  1.166666666666666  0.0
12.270833333333332  12.5  1.166666666666666  1.5  0.0
12.270833333333332  12.5  1.5  1.833333333333333  0.0
12.270833333333332  12.5  1.833333333333333  2.166666666666666  0.0
12.270833333333332  12.5  2.166666666666666  2.5  0.0
