logMsmin    logMsmax    logSFRmin    logSFRmax    Prob
7.0  7.229166666666667  -5.5  -5.166666666666667  0.0
7.0  7.229166666666667  -5.166666666666667  -4.833333333333333  0.0
7.0  7.229166666666667  -4.833333333333333  -4.5  0.0
7.0  7.229166666666667  -4.5  -4.166666666666667  0.0
7.0  7.229166666666667  -4.166666666666667  -3.8333333333333335  0.0
7.0  7.229166666666667  -3.8333333333333335  -3.5  0.0
7.0  7.229166666666667  -3.5  -3.166666666666667  3.571712702187905e-06
7.0  7.229166666666667  -3.166666666666667  -2.8333333333333335  9.415757038622793e-06
7.0  7.229166666666667  -2.8333333333333335  -2.5  1.0695850211834246e-05
7.0  7.229166666666667  -2.5  -2.166666666666667  1.0550086032277365e-05
7.0  7.229166666666667  -2.166666666666667  -1.8333333333333335  1.6080445152974177e-05
7.0  7.229166666666667  -1.8333333333333335  -1.5  1.8895458966318345e-05
7.0  7.229166666666667  -1.5  -1.166666666666667  4.7248266342816534e-05
7.0  7.229166666666667  -1.166666666666667  -0.8333333333333339  1.770551433653856e-05
7.0  7.229166666666667  -0.8333333333333339  -0.5  1.790777851563033e-05
7.0  7.229166666666667  -0.5  -0.16666666666666696  1.8720754183424148e-06
7.0  7.229166666666667  -0.16666666666666696  0.16666666666666607  0.0
7.0  7.229166666666667  0.16666666666666607  0.5  0.0
7.0  7.229166666666667  0.5  0.833333333333333  0.0
7.0  7.229166666666667  0.833333333333333  1.166666666666666  0.0
7.0  7.229166666666667  1.166666666666666  1.5  0.0
7.0  7.229166666666667  1.5  1.833333333333333  0.0
7.0  7.229166666666667  1.833333333333333  2.166666666666666  0.0
7.0  7.229166666666667  2.166666666666666  2.5  0.0
7.229166666666667  7.458333333333333  -5.5  -5.166666666666667  0.0
7.229166666666667  7.458333333333333  -5.166666666666667  -4.833333333333333  0.0
7.229166666666667  7.458333333333333  -4.833333333333333  -4.5  0.0
7.229166666666667  7.458333333333333  -4.5  -4.166666666666667  0.0
7.229166666666667  7.458333333333333  -4.166666666666667  -3.8333333333333335  0.0
7.229166666666667  7.458333333333333  -3.8333333333333335  -3.5  0.0
7.229166666666667  7.458333333333333  -3.5  -3.166666666666667  4.967260250710551e-06
7.229166666666667  7.458333333333333  -3.166666666666667  -2.8333333333333335  1.24492148193763e-05
7.229166666666667  7.458333333333333  -2.8333333333333335  -2.5  1.5810744418322686e-05
7.229166666666667  7.458333333333333  -2.5  -2.166666666666667  2.015822750819305e-05
7.229166666666667  7.458333333333333  -2.166666666666667  -1.8333333333333335  1.6943034628135093e-05
7.229166666666667  7.458333333333333  -1.8333333333333335  -1.5  2.4043408634587214e-05
7.229166666666667  7.458333333333333  -1.5  -1.166666666666667  2.756969915759519e-05
7.229166666666667  7.458333333333333  -1.166666666666667  -0.8333333333333339  1.603076923712153e-05
7.229166666666667  7.458333333333333  -0.8333333333333339  -0.5  1.9415945893408097e-05
7.229166666666667  7.458333333333333  -0.5  -0.16666666666666696  2.3753214985477387e-06
7.229166666666667  7.458333333333333  -0.16666666666666696  0.16666666666666607  5.655386949217828e-07
7.229166666666667  7.458333333333333  0.16666666666666607  0.5  0.0
7.229166666666667  7.458333333333333  0.5  0.833333333333333  0.0
7.229166666666667  7.458333333333333  0.833333333333333  1.166666666666666  0.0
7.229166666666667  7.458333333333333  1.166666666666666  1.5  0.0
7.229166666666667  7.458333333333333  1.5  1.833333333333333  0.0
7.229166666666667  7.458333333333333  1.833333333333333  2.166666666666666  0.0
7.229166666666667  7.458333333333333  2.166666666666666  2.5  0.0
7.458333333333333  7.6875  -5.5  -5.166666666666667  0.0
7.458333333333333  7.6875  -5.166666666666667  -4.833333333333333  0.0
7.458333333333333  7.6875  -4.833333333333333  -4.5  0.0
7.458333333333333  7.6875  -4.5  -4.166666666666667  0.0
7.458333333333333  7.6875  -4.166666666666667  -3.8333333333333335  0.0
7.458333333333333  7.6875  -3.8333333333333335  -3.5  0.0
7.458333333333333  7.6875  -3.5  -3.166666666666667  5.9640027835119844e-06
7.458333333333333  7.6875  -3.166666666666667  -2.8333333333333335  1.607861119535517e-05
7.458333333333333  7.6875  -2.8333333333333335  -2.5  2.2593738891419606e-05
7.458333333333333  7.6875  -2.5  -2.166666666666667  1.4279180725531742e-05
7.458333333333333  7.6875  -2.166666666666667  -1.8333333333333335  2.3350555357217582e-05
7.458333333333333  7.6875  -1.8333333333333335  -1.5  3.038689360738935e-05
7.458333333333333  7.6875  -1.5  -1.166666666666667  4.005071957262824e-05
7.458333333333333  7.6875  -1.166666666666667  -0.8333333333333339  2.3750338527239825e-05
7.458333333333333  7.6875  -0.8333333333333339  -0.5  1.1911714765236388e-05
7.458333333333333  7.6875  -0.5  -0.16666666666666696  1.102353669978668e-05
7.458333333333333  7.6875  -0.16666666666666696  0.16666666666666607  6.642848258646357e-07
7.458333333333333  7.6875  0.16666666666666607  0.5  0.0
7.458333333333333  7.6875  0.5  0.833333333333333  0.0
7.458333333333333  7.6875  0.833333333333333  1.166666666666666  0.0
7.458333333333333  7.6875  1.166666666666666  1.5  0.0
7.458333333333333  7.6875  1.5  1.833333333333333  0.0
7.458333333333333  7.6875  1.833333333333333  2.166666666666666  0.0
7.458333333333333  7.6875  2.166666666666666  2.5  0.0
7.6875  7.916666666666667  -5.5  -5.166666666666667  0.0
7.6875  7.916666666666667  -5.166666666666667  -4.833333333333333  0.0
7.6875  7.916666666666667  -4.833333333333333  -4.5  0.0
7.6875  7.916666666666667  -4.5  -4.166666666666667  0.0
7.6875  7.916666666666667  -4.166666666666667  -3.8333333333333335  0.0
7.6875  7.916666666666667  -3.8333333333333335  -3.5  0.0
7.6875  7.916666666666667  -3.5  -3.166666666666667  1.2065254608021351e-05
7.6875  7.916666666666667  -3.166666666666667  -2.8333333333333335  3.1746751062121944e-05
7.6875  7.916666666666667  -2.8333333333333335  -2.5  2.104796291069318e-05
7.6875  7.916666666666667  -2.5  -2.166666666666667  1.7870075208218505e-05
7.6875  7.916666666666667  -2.166666666666667  -1.8333333333333335  2.1679130691355633e-05
7.6875  7.916666666666667  -1.8333333333333335  -1.5  3.584697702738179e-05
7.6875  7.916666666666667  -1.5  -1.166666666666667  3.457142460597041e-05
7.6875  7.916666666666667  -1.166666666666667  -0.8333333333333339  5.693607687863309e-05
7.6875  7.916666666666667  -0.8333333333333339  -0.5  9.709925377150583e-06
7.6875  7.916666666666667  -0.5  -0.16666666666666696  6.606109918696485e-07
7.6875  7.916666666666667  -0.16666666666666696  0.16666666666666607  3.1092365314652336e-07
7.6875  7.916666666666667  0.16666666666666607  0.5  8.291297417235951e-07
7.6875  7.916666666666667  0.5  0.833333333333333  0.0
7.6875  7.916666666666667  0.833333333333333  1.166666666666666  0.0
7.6875  7.916666666666667  1.166666666666666  1.5  0.0
7.6875  7.916666666666667  1.5  1.833333333333333  0.0
7.6875  7.916666666666667  1.833333333333333  2.166666666666666  0.0
7.6875  7.916666666666667  2.166666666666666  2.5  0.0
7.916666666666667  8.145833333333334  -5.5  -5.166666666666667  0.0
7.916666666666667  8.145833333333334  -5.166666666666667  -4.833333333333333  0.0
7.916666666666667  8.145833333333334  -4.833333333333333  -4.5  0.0
7.916666666666667  8.145833333333334  -4.5  -4.166666666666667  0.0
7.916666666666667  8.145833333333334  -4.166666666666667  -3.8333333333333335  0.0
7.916666666666667  8.145833333333334  -3.8333333333333335  -3.5  0.0
7.916666666666667  8.145833333333334  -3.5  -3.166666666666667  2.1024553029122646e-05
7.916666666666667  8.145833333333334  -3.166666666666667  -2.8333333333333335  2.4797166043306508e-05
7.916666666666667  8.145833333333334  -2.8333333333333335  -2.5  2.069578982358443e-05
7.916666666666667  8.145833333333334  -2.5  -2.166666666666667  3.299944309996701e-05
7.916666666666667  8.145833333333334  -2.166666666666667  -1.8333333333333335  4.490344735162322e-05
7.916666666666667  8.145833333333334  -1.8333333333333335  -1.5  3.4515971024641246e-05
7.916666666666667  8.145833333333334  -1.5  -1.166666666666667  4.6545348112447765e-05
7.916666666666667  8.145833333333334  -1.166666666666667  -0.8333333333333339  8.830904243301677e-05
7.916666666666667  8.145833333333334  -0.8333333333333339  -0.5  5.6088735492250635e-05
7.916666666666667  8.145833333333334  -0.5  -0.16666666666666696  9.058429443592104e-07
7.916666666666667  8.145833333333334  -0.16666666666666696  0.16666666666666607  3.1402555404511966e-06
7.916666666666667  8.145833333333334  0.16666666666666607  0.5  3.834735131125025e-06
7.916666666666667  8.145833333333334  0.5  0.833333333333333  1.5546182657314487e-06
7.916666666666667  8.145833333333334  0.833333333333333  1.166666666666666  0.0
7.916666666666667  8.145833333333334  1.166666666666666  1.5  0.0
7.916666666666667  8.145833333333334  1.5  1.833333333333333  0.0
7.916666666666667  8.145833333333334  1.833333333333333  2.166666666666666  0.0
7.916666666666667  8.145833333333334  2.166666666666666  2.5  0.0
8.145833333333334  8.375  -5.5  -5.166666666666667  0.0
8.145833333333334  8.375  -5.166666666666667  -4.833333333333333  0.0
8.145833333333334  8.375  -4.833333333333333  -4.5  0.0
8.145833333333334  8.375  -4.5  -4.166666666666667  0.0
8.145833333333334  8.375  -4.166666666666667  -3.8333333333333335  0.0
8.145833333333334  8.375  -3.8333333333333335  -3.5  0.0
8.145833333333334  8.375  -3.5  -3.166666666666667  2.5188100058007137e-05
8.145833333333334  8.375  -3.166666666666667  -2.8333333333333335  3.746038217889131e-05
8.145833333333334  8.375  -2.8333333333333335  -2.5  2.489004109709611e-05
8.145833333333334  8.375  -2.5  -2.166666666666667  3.994966214805964e-05
8.145833333333334  8.375  -2.166666666666667  -1.8333333333333335  3.770883081726081e-05
8.145833333333334  8.375  -1.8333333333333335  -1.5  4.113402267288786e-05
8.145833333333334  8.375  -1.5  -1.166666666666667  7.596210837827921e-05
8.145833333333334  8.375  -1.166666666666667  -0.8333333333333339  7.556517328298417e-05
8.145833333333334  8.375  -0.8333333333333339  -0.5  0.00010150170962885565
8.145833333333334  8.375  -0.5  -0.16666666666666696  2.03357216761924e-05
8.145833333333334  8.375  -0.16666666666666696  0.16666666666666607  0.0
8.145833333333334  8.375  0.16666666666666607  0.5  0.0
8.145833333333334  8.375  0.5  0.833333333333333  3.1092365314652336e-07
8.145833333333334  8.375  0.833333333333333  1.166666666666666  0.0
8.145833333333334  8.375  1.166666666666666  1.5  0.0
8.145833333333334  8.375  1.5  1.833333333333333  0.0
8.145833333333334  8.375  1.833333333333333  2.166666666666666  0.0
8.145833333333334  8.375  2.166666666666666  2.5  0.0
8.375  8.604166666666666  -5.5  -5.166666666666667  0.0
8.375  8.604166666666666  -5.166666666666667  -4.833333333333333  0.0
8.375  8.604166666666666  -4.833333333333333  -4.5  0.0
8.375  8.604166666666666  -4.5  -4.166666666666667  0.0
8.375  8.604166666666666  -4.166666666666667  -3.8333333333333335  0.0
8.375  8.604166666666666  -3.8333333333333335  -3.5  0.0
8.375  8.604166666666666  -3.5  -3.166666666666667  3.953979181141882e-05
8.375  8.604166666666666  -3.166666666666667  -2.8333333333333335  8.931017337912754e-05
8.375  8.604166666666666  -2.8333333333333335  -2.5  4.459883494978507e-05
8.375  8.604166666666666  -2.5  -2.166666666666667  7.950794148262736e-05
8.375  8.604166666666666  -2.166666666666667  -1.8333333333333335  6.235821540001411e-05
8.375  8.604166666666666  -1.8333333333333335  -1.5  9.425883421762925e-05
8.375  8.604166666666666  -1.5  -1.166666666666667  0.00015988316533870062
8.375  8.604166666666666  -1.166666666666667  -0.8333333333333339  8.14604721694629e-05
8.375  8.604166666666666  -0.8333333333333339  -0.5  0.00021704136865203792
8.375  8.604166666666666  -0.5  -0.16666666666666696  9.051816542433787e-05
8.375  8.604166666666666  -0.16666666666666696  0.16666666666666607  0.0
8.375  8.604166666666666  0.16666666666666607  0.5  6.038952962406417e-07
8.375  8.604166666666666  0.5  0.833333333333333  6.218473062930467e-07
8.375  8.604166666666666  0.833333333333333  1.166666666666666  0.0
8.375  8.604166666666666  1.166666666666666  1.5  0.0
8.375  8.604166666666666  1.5  1.833333333333333  0.0
8.375  8.604166666666666  1.833333333333333  2.166666666666666  0.0
8.375  8.604166666666666  2.166666666666666  2.5  0.0
8.604166666666666  8.833333333333334  -5.5  -5.166666666666667  0.0
8.604166666666666  8.833333333333334  -5.166666666666667  -4.833333333333333  0.0
8.604166666666666  8.833333333333334  -4.833333333333333  -4.5  0.0
8.604166666666666  8.833333333333334  -4.5  -4.166666666666667  0.0
8.604166666666666  8.833333333333334  -4.166666666666667  -3.8333333333333335  0.0
8.604166666666666  8.833333333333334  -3.8333333333333335  -3.5  0.0
8.604166666666666  8.833333333333334  -3.5  -3.166666666666667  7.085114604683062e-05
8.604166666666666  8.833333333333334  -3.166666666666667  -2.8333333333333335  7.643272198648473e-05
8.604166666666666  8.833333333333334  -2.8333333333333335  -2.5  6.520431693515655e-05
8.604166666666666  8.833333333333334  -2.5  -2.166666666666667  6.948893924137404e-05
8.604166666666666  8.833333333333334  -2.166666666666667  -1.8333333333333335  7.233585421673571e-05
8.604166666666666  8.833333333333334  -1.8333333333333335  -1.5  8.92995978704156e-05
8.604166666666666  8.833333333333334  -1.5  -1.166666666666667  0.0001561254877744358
8.604166666666666  8.833333333333334  -1.166666666666667  -0.8333333333333339  0.0001262315685656394
8.604166666666666  8.833333333333334  -0.8333333333333339  -0.5  0.00014256596279432746
8.604166666666666  8.833333333333334  -0.5  -0.16666666666666696  0.00016283977717066123
8.604166666666666  8.833333333333334  -0.16666666666666696  0.16666666666666607  0.0003466636422255279
8.604166666666666  8.833333333333334  0.16666666666666607  0.5  3.140255540451897e-06
8.604166666666666  8.833333333333334  0.5  0.833333333333333  0.0
8.604166666666666  8.833333333333334  0.833333333333333  1.166666666666666  0.0
8.604166666666666  8.833333333333334  1.166666666666666  1.5  0.0
8.604166666666666  8.833333333333334  1.5  1.833333333333333  0.0
8.604166666666666  8.833333333333334  1.833333333333333  2.166666666666666  0.0
8.604166666666666  8.833333333333334  2.166666666666666  2.5  0.0
8.833333333333334  9.0625  -5.5  -5.166666666666667  0.0
8.833333333333334  9.0625  -5.166666666666667  -4.833333333333333  0.0
8.833333333333334  9.0625  -4.833333333333333  -4.5  0.0
8.833333333333334  9.0625  -4.5  -4.166666666666667  0.0
8.833333333333334  9.0625  -4.166666666666667  -3.8333333333333335  0.0
8.833333333333334  9.0625  -3.8333333333333335  -3.5  0.0
8.833333333333334  9.0625  -3.5  -3.166666666666667  4.876319293512725e-05
8.833333333333334  9.0625  -3.166666666666667  -2.8333333333333335  8.984026954329415e-05
8.833333333333334  9.0625  -2.8333333333333335  -2.5  9.065932515013196e-05
8.833333333333334  9.0625  -2.5  -2.166666666666667  7.652992765307585e-05
8.833333333333334  9.0625  -2.166666666666667  -1.8333333333333335  9.746702997238122e-05
8.833333333333334  9.0625  -1.8333333333333335  -1.5  0.000105433853522036
8.833333333333334  9.0625  -1.5  -1.166666666666667  0.00011102615570655283
8.833333333333334  9.0625  -1.166666666666667  -0.8333333333333339  0.00020740206946982272
8.833333333333334  9.0625  -0.8333333333333339  -0.5  0.00019717024770355722
8.833333333333334  9.0625  -0.5  -0.16666666666666696  0.0002637206250590512
8.833333333333334  9.0625  -0.16666666666666696  0.16666666666666607  1.274219075071041e-05
8.833333333333334  9.0625  0.16666666666666607  0.5  0.0
8.833333333333334  9.0625  0.5  0.833333333333333  0.0
8.833333333333334  9.0625  0.833333333333333  1.166666666666666  0.0
8.833333333333334  9.0625  1.166666666666666  1.5  0.0
8.833333333333334  9.0625  1.5  1.833333333333333  0.0
8.833333333333334  9.0625  1.833333333333333  2.166666666666666  0.0
8.833333333333334  9.0625  2.166666666666666  2.5  0.0
9.0625  9.291666666666666  -5.5  -5.166666666666667  0.0
9.0625  9.291666666666666  -5.166666666666667  -4.833333333333333  0.0
9.0625  9.291666666666666  -4.833333333333333  -4.5  0.0
9.0625  9.291666666666666  -4.5  -4.166666666666667  0.0
9.0625  9.291666666666666  -4.166666666666667  -3.8333333333333335  0.0
9.0625  9.291666666666666  -3.8333333333333335  -3.5  0.0
9.0625  9.291666666666666  -3.5  -3.166666666666667  0.0
9.0625  9.291666666666666  -3.166666666666667  -2.8333333333333335  9.581621172304267e-05
9.0625  9.291666666666666  -2.8333333333333335  -2.5  0.00016238741282932227
9.0625  9.291666666666666  -2.5  -2.166666666666667  0.00010571962019555135
9.0625  9.291666666666666  -2.166666666666667  -1.8333333333333335  0.0001452503675835103
9.0625  9.291666666666666  -1.8333333333333335  -1.5  0.00015582126742061554
9.0625  9.291666666666666  -1.5  -1.166666666666667  0.00011584226789216157
9.0625  9.291666666666666  -1.166666666666667  -0.8333333333333339  0.00013261767940403018
9.0625  9.291666666666666  -0.8333333333333339  -0.5  0.0003159513763889666
9.0625  9.291666666666666  -0.5  -0.16666666666666696  0.00040770430542899487
9.0625  9.291666666666666  -0.16666666666666696  0.16666666666666607  0.0004531722886599677
9.0625  9.291666666666666  0.16666666666666607  0.5  0.0
9.0625  9.291666666666666  0.5  0.833333333333333  0.0
9.0625  9.291666666666666  0.833333333333333  1.166666666666666  0.0
9.0625  9.291666666666666  1.166666666666666  1.5  0.0
9.0625  9.291666666666666  1.5  1.833333333333333  0.0
9.0625  9.291666666666666  1.833333333333333  2.166666666666666  0.0
9.0625  9.291666666666666  2.166666666666666  2.5  0.0
9.291666666666666  9.520833333333332  -5.5  -5.166666666666667  0.0
9.291666666666666  9.520833333333332  -5.166666666666667  -4.833333333333333  0.0
9.291666666666666  9.520833333333332  -4.833333333333333  -4.5  0.0
9.291666666666666  9.520833333333332  -4.5  -4.166666666666667  0.0
9.291666666666666  9.520833333333332  -4.166666666666667  -3.8333333333333335  0.0
9.291666666666666  9.520833333333332  -3.8333333333333335  -3.5  0.0
9.291666666666666  9.520833333333332  -3.5  -3.166666666666667  4.176741073932347e-05
9.291666666666666  9.520833333333332  -3.166666666666667  -2.8333333333333335  0.00013847330631828163
9.291666666666666  9.520833333333332  -2.8333333333333335  -2.5  0.00010681833922086088
9.291666666666666  9.520833333333332  -2.5  -2.166666666666667  0.00020177816336495612
9.291666666666666  9.520833333333332  -2.166666666666667  -1.8333333333333335  0.00015555260028821534
9.291666666666666  9.520833333333332  -1.8333333333333335  -1.5  0.00017585419359966345
9.291666666666666  9.520833333333332  -1.5  -1.166666666666667  0.0001654650686637355
9.291666666666666  9.520833333333332  -1.166666666666667  -0.8333333333333339  0.0001892926695797508
9.291666666666666  9.520833333333332  -0.8333333333333339  -0.5  0.00019772793676692737
9.291666666666666  9.520833333333332  -0.5  -0.16666666666666696  0.0004426960806427155
9.291666666666666  9.520833333333332  -0.16666666666666696  0.16666666666666607  0.0006662752855452459
9.291666666666666  9.520833333333332  0.16666666666666607  0.5  0.000528052004261358
9.291666666666666  9.520833333333332  0.5  0.833333333333333  0.0
9.291666666666666  9.520833333333332  0.833333333333333  1.166666666666666  0.0
9.291666666666666  9.520833333333332  1.166666666666666  1.5  0.0
9.291666666666666  9.520833333333332  1.5  1.833333333333333  0.0
9.291666666666666  9.520833333333332  1.833333333333333  2.166666666666666  0.0
9.291666666666666  9.520833333333332  2.166666666666666  2.5  0.0
9.520833333333332  9.75  -5.5  -5.166666666666667  0.0
9.520833333333332  9.75  -5.166666666666667  -4.833333333333333  0.0
9.520833333333332  9.75  -4.833333333333333  -4.5  0.0
9.520833333333332  9.75  -4.5  -4.166666666666667  0.0
9.520833333333332  9.75  -4.166666666666667  -3.8333333333333335  0.0
9.520833333333332  9.75  -3.8333333333333335  -3.5  0.0
9.520833333333332  9.75  -3.5  -3.166666666666667  0.0
9.520833333333332  9.75  -3.166666666666667  -2.8333333333333335  0.00016970801608212356
9.520833333333332  9.75  -2.8333333333333335  -2.5  0.00015096560056602096
9.520833333333332  9.75  -2.5  -2.166666666666667  0.00016765042177328582
9.520833333333332  9.75  -2.166666666666667  -1.8333333333333335  0.00025066314585134726
9.520833333333332  9.75  -1.8333333333333335  -1.5  0.0002894123087544805
9.520833333333332  9.75  -1.5  -1.166666666666667  0.00025074507737300907
9.520833333333332  9.75  -1.166666666666667  -0.8333333333333339  0.0002750154292087038
9.520833333333332  9.75  -0.8333333333333339  -0.5  0.0003395073218365952
9.520833333333332  9.75  -0.5  -0.16666666666666696  0.0003563068666438699
9.520833333333332  9.75  -0.16666666666666696  0.16666666666666607  0.00039976344549649346
9.520833333333332  9.75  0.16666666666666607  0.5  0.0010079728449301378
9.520833333333332  9.75  0.5  0.833333333333333  0.0
9.520833333333332  9.75  0.833333333333333  1.166666666666666  0.0
9.520833333333332  9.75  1.166666666666666  1.5  0.0
9.520833333333332  9.75  1.5  1.833333333333333  0.0
9.520833333333332  9.75  1.833333333333333  2.166666666666666  0.0
9.520833333333332  9.75  2.166666666666666  2.5  0.0
9.75  9.979166666666666  -5.5  -5.166666666666667  0.0
9.75  9.979166666666666  -5.166666666666667  -4.833333333333333  0.0
9.75  9.979166666666666  -4.833333333333333  -4.5  0.0
9.75  9.979166666666666  -4.5  -4.166666666666667  0.0
9.75  9.979166666666666  -4.166666666666667  -3.8333333333333335  0.0
9.75  9.979166666666666  -3.8333333333333335  -3.5  0.0
9.75  9.979166666666666  -3.5  -3.166666666666667  0.00010374485893312892
9.75  9.979166666666666  -3.166666666666667  -2.8333333333333335  0.0
9.75  9.979166666666666  -2.8333333333333335  -2.5  0.00030574755942505184
9.75  9.979166666666666  -2.5  -2.166666666666667  0.0003762983972854396
9.75  9.979166666666666  -2.166666666666667  -1.8333333333333335  0.00047213864811469357
9.75  9.979166666666666  -1.8333333333333335  -1.5  0.0006882639218192499
9.75  9.979166666666666  -1.5  -1.166666666666667  0.0004132610602331615
9.75  9.979166666666666  -1.166666666666667  -0.8333333333333339  0.0006219598344230566
9.75  9.979166666666666  -0.8333333333333339  -0.5  0.0004837137414047411
9.75  9.979166666666666  -0.5  -0.16666666666666696  0.0005049964192885911
9.75  9.979166666666666  -0.16666666666666696  0.16666666666666607  0.0006856002233317461
9.75  9.979166666666666  0.16666666666666607  0.5  0.0008358804929759391
9.75  9.979166666666666  0.5  0.833333333333333  0.0
9.75  9.979166666666666  0.833333333333333  1.166666666666666  0.0008040261974124779
9.75  9.979166666666666  1.166666666666666  1.5  0.0
9.75  9.979166666666666  1.5  1.833333333333333  0.0
9.75  9.979166666666666  1.833333333333333  2.166666666666666  0.0
9.75  9.979166666666666  2.166666666666666  2.5  0.0
9.979166666666666  10.208333333333332  -5.5  -5.166666666666667  0.0
9.979166666666666  10.208333333333332  -5.166666666666667  -4.833333333333333  0.0
9.979166666666666  10.208333333333332  -4.833333333333333  -4.5  0.0
9.979166666666666  10.208333333333332  -4.5  -4.166666666666667  0.0
9.979166666666666  10.208333333333332  -4.166666666666667  -3.8333333333333335  0.0
9.979166666666666  10.208333333333332  -3.8333333333333335  -3.5  0.0
9.979166666666666  10.208333333333332  -3.5  -3.166666666666667  0.0
9.979166666666666  10.208333333333332  -3.166666666666667  -2.8333333333333335  0.0004294892062132568
9.979166666666666  10.208333333333332  -2.8333333333333335  -2.5  0.0004807428555691183
9.979166666666666  10.208333333333332  -2.5  -2.166666666666667  0.0009291908264294807
9.979166666666666  10.208333333333332  -2.166666666666667  -1.8333333333333335  0.0010726841400276411
9.979166666666666  10.208333333333332  -1.8333333333333335  -1.5  0.0009142663605992314
9.979166666666666  10.208333333333332  -1.5  -1.166666666666667  0.0012618969613646166
9.979166666666666  10.208333333333332  -1.166666666666667  -0.8333333333333339  0.0012289944725910197
9.979166666666666  10.208333333333332  -0.8333333333333339  -0.5  0.0010612792984820603
9.979166666666666  10.208333333333332  -0.5  -0.16666666666666696  0.0013032526869941226
9.979166666666666  10.208333333333332  -0.16666666666666696  0.16666666666666607  0.0008731321720547599
9.979166666666666  10.208333333333332  0.16666666666666607  0.5  0.0009400294879873285
9.979166666666666  10.208333333333332  0.5  0.833333333333333  0.0013781579795969846
9.979166666666666  10.208333333333332  0.833333333333333  1.166666666666666  0.0
9.979166666666666  10.208333333333332  1.166666666666666  1.5  0.0
9.979166666666666  10.208333333333332  1.5  1.833333333333333  0.0
9.979166666666666  10.208333333333332  1.833333333333333  2.166666666666666  0.0
9.979166666666666  10.208333333333332  2.166666666666666  2.5  0.0
10.208333333333332  10.4375  -5.5  -5.166666666666667  0.0
10.208333333333332  10.4375  -5.166666666666667  -4.833333333333333  0.0
10.208333333333332  10.4375  -4.833333333333333  -4.5  0.0
10.208333333333332  10.4375  -4.5  -4.166666666666667  0.0
10.208333333333332  10.4375  -4.166666666666667  -3.8333333333333335  0.0
10.208333333333332  10.4375  -3.8333333333333335  -3.5  0.0
10.208333333333332  10.4375  -3.5  -3.166666666666667  0.0
10.208333333333332  10.4375  -3.166666666666667  -2.8333333333333335  0.0004287446310486856
10.208333333333332  10.4375  -2.8333333333333335  -2.5  0.0010116009058635037
10.208333333333332  10.4375  -2.5  -2.166666666666667  0.0003788997438650696
10.208333333333332  10.4375  -2.166666666666667  -1.8333333333333335  0.001362642269701502
10.208333333333332  10.4375  -1.8333333333333335  -1.5  0.0013388805561215036
10.208333333333332  10.4375  -1.5  -1.166666666666667  0.0012369486187136657
10.208333333333332  10.4375  -1.166666666666667  -0.8333333333333339  0.0017793573830945466
10.208333333333332  10.4375  -0.8333333333333339  -0.5  0.0014721180709840586
10.208333333333332  10.4375  -0.5  -0.16666666666666696  0.0017173175069194104
10.208333333333332  10.4375  -0.16666666666666696  0.16666666666666607  0.001292617706566579
10.208333333333332  10.4375  0.16666666666666607  0.5  0.0015792245527222045
10.208333333333332  10.4375  0.5  0.833333333333333  0.0016767588668173293
10.208333333333332  10.4375  0.833333333333333  1.166666666666666  0.0
10.208333333333332  10.4375  1.166666666666666  1.5  0.0
10.208333333333332  10.4375  1.5  1.833333333333333  0.0
10.208333333333332  10.4375  1.833333333333333  2.166666666666666  0.0
10.208333333333332  10.4375  2.166666666666666  2.5  0.0
10.4375  10.666666666666666  -5.5  -5.166666666666667  0.0
10.4375  10.666666666666666  -5.166666666666667  -4.833333333333333  0.0
10.4375  10.666666666666666  -4.833333333333333  -4.5  0.0
10.4375  10.666666666666666  -4.5  -4.166666666666667  0.0
10.4375  10.666666666666666  -4.166666666666667  -3.8333333333333335  0.0
10.4375  10.666666666666666  -3.8333333333333335  -3.5  0.0
10.4375  10.666666666666666  -3.5  -3.166666666666667  0.0
10.4375  10.666666666666666  -3.166666666666667  -2.8333333333333335  0.002211368775268663
10.4375  10.666666666666666  -2.8333333333333335  -2.5  0.0013180869275182141
10.4375  10.666666666666666  -2.5  -2.166666666666667  0.0006424354201550899
10.4375  10.666666666666666  -2.166666666666667  -1.8333333333333335  0.0019290005271202725
10.4375  10.666666666666666  -1.8333333333333335  -1.5  0.0024128721005225676
10.4375  10.666666666666666  -1.5  -1.166666666666667  0.0028701495670069373
10.4375  10.666666666666666  -1.166666666666667  -0.8333333333333339  0.002294616063078472
10.4375  10.666666666666666  -0.8333333333333339  -0.5  0.002301915910784119
10.4375  10.666666666666666  -0.5  -0.16666666666666696  0.0024147263424523628
10.4375  10.666666666666666  -0.16666666666666696  0.16666666666666607  0.002029479534809112
10.4375  10.666666666666666  0.16666666666666607  0.5  0.002263865775806736
10.4375  10.666666666666666  0.5  0.833333333333333  0.0030448902211662123
10.4375  10.666666666666666  0.833333333333333  1.166666666666666  0.0
10.4375  10.666666666666666  1.166666666666666  1.5  0.0
10.4375  10.666666666666666  1.5  1.833333333333333  0.0
10.4375  10.666666666666666  1.833333333333333  2.166666666666666  0.0
10.4375  10.666666666666666  2.166666666666666  2.5  0.0
10.666666666666666  10.895833333333332  -5.5  -5.166666666666667  0.0
10.666666666666666  10.895833333333332  -5.166666666666667  -4.833333333333333  0.0
10.666666666666666  10.895833333333332  -4.833333333333333  -4.5  0.0
10.666666666666666  10.895833333333332  -4.5  -4.166666666666667  0.0
10.666666666666666  10.895833333333332  -4.166666666666667  -3.8333333333333335  0.0
10.666666666666666  10.895833333333332  -3.8333333333333335  -3.5  0.0
10.666666666666666  10.895833333333332  -3.5  -3.166666666666667  0.0
10.666666666666666  10.895833333333332  -3.166666666666667  -2.8333333333333335  0.0019944715937152283
10.666666666666666  10.895833333333332  -2.8333333333333335  -2.5  0.0026894320273168106
10.666666666666666  10.895833333333332  -2.5  -2.166666666666667  0.0029457286362108434
10.666666666666666  10.895833333333332  -2.166666666666667  -1.8333333333333335  0.002623694351509202
10.666666666666666  10.895833333333332  -1.8333333333333335  -1.5  0.004078845085551293
10.666666666666666  10.895833333333332  -1.5  -1.166666666666667  0.004111493839569292
10.666666666666666  10.895833333333332  -1.166666666666667  -0.8333333333333339  0.004253228298837134
10.666666666666666  10.895833333333332  -0.8333333333333339  -0.5  0.004383423821876382
10.666666666666666  10.895833333333332  -0.5  -0.16666666666666696  0.00339905523603306
10.666666666666666  10.895833333333332  -0.16666666666666696  0.16666666666666607  0.00349992244543837
10.666666666666666  10.895833333333332  0.16666666666666607  0.5  0.0035144415473418586
10.666666666666666  10.895833333333332  0.5  0.833333333333333  0.004010072660897191
10.666666666666666  10.895833333333332  0.833333333333333  1.166666666666666  0.0015848104895233527
10.666666666666666  10.895833333333332  1.166666666666666  1.5  0.0
10.666666666666666  10.895833333333332  1.5  1.833333333333333  0.0
10.666666666666666  10.895833333333332  1.833333333333333  2.166666666666666  0.0
10.666666666666666  10.895833333333332  2.166666666666666  2.5  0.0
10.895833333333332  11.125  -5.5  -5.166666666666667  0.0
10.895833333333332  11.125  -5.166666666666667  -4.833333333333333  0.0
10.895833333333332  11.125  -4.833333333333333  -4.5  0.0
10.895833333333332  11.125  -4.5  -4.166666666666667  0.0
10.895833333333332  11.125  -4.166666666666667  -3.8333333333333335  0.0
10.895833333333332  11.125  -3.8333333333333335  -3.5  0.0
10.895833333333332  11.125  -3.5  -3.166666666666667  0.0
10.895833333333332  11.125  -3.166666666666667  -2.8333333333333335  0.0015800103640754909
10.895833333333332  11.125  -2.8333333333333335  -2.5  0.0
10.895833333333332  11.125  -2.5  -2.166666666666667  0.002428935578375
10.895833333333332  11.125  -2.166666666666667  -1.8333333333333335  0.0012845810729726704
10.895833333333332  11.125  -1.8333333333333335  -1.5  0.0032266463056836794
10.895833333333332  11.125  -1.5  -1.166666666666667  0.004807469451720126
10.895833333333332  11.125  -1.166666666666667  -0.8333333333333339  0.008684452454364253
10.895833333333332  11.125  -0.8333333333333339  -0.5  0.006669232693892884
10.895833333333332  11.125  -0.5  -0.16666666666666696  0.005485560102266293
10.895833333333332  11.125  -0.16666666666666696  0.16666666666666607  0.008085133746980602
10.895833333333332  11.125  0.16666666666666607  0.5  0.005852342390214394
10.895833333333332  11.125  0.5  0.833333333333333  0.0059764379171442505
10.895833333333332  11.125  0.833333333333333  1.166666666666666  0.002647656051046114
10.895833333333332  11.125  1.166666666666666  1.5  0.0
10.895833333333332  11.125  1.5  1.833333333333333  0.0
10.895833333333332  11.125  1.833333333333333  2.166666666666666  0.0
10.895833333333332  11.125  2.166666666666666  2.5  0.0
11.125  11.354166666666666  -5.5  -5.166666666666667  0.0
11.125  11.354166666666666  -5.166666666666667  -4.833333333333333  0.0
11.125  11.354166666666666  -4.833333333333333  -4.5  0.0
11.125  11.354166666666666  -4.5  -4.166666666666667  0.0
11.125  11.354166666666666  -4.166666666666667  -3.8333333333333335  0.0
11.125  11.354166666666666  -3.8333333333333335  -3.5  0.0
11.125  11.354166666666666  -3.5  -3.166666666666667  0.0
11.125  11.354166666666666  -3.166666666666667  -2.8333333333333335  0.0
11.125  11.354166666666666  -2.8333333333333335  -2.5  0.0
11.125  11.354166666666666  -2.5  -2.166666666666667  0.002472775813473591
11.125  11.354166666666666  -2.166666666666667  -1.8333333333333335  0.003186453530615178
11.125  11.354166666666666  -1.8333333333333335  -1.5  0.002328092673540402
11.125  11.354166666666666  -1.5  -1.166666666666667  0.005252470254813553
11.125  11.354166666666666  -1.166666666666667  -0.8333333333333339  0.014341506941556056
11.125  11.354166666666666  -0.8333333333333339  -0.5  0.012594339485414646
11.125  11.354166666666666  -0.5  -0.16666666666666696  0.011159741643019926
11.125  11.354166666666666  -0.16666666666666696  0.16666666666666607  0.009921338174121535
11.125  11.354166666666666  0.16666666666666607  0.5  0.009860801170043053
11.125  11.354166666666666  0.5  0.833333333333333  0.010589426820181026
11.125  11.354166666666666  0.833333333333333  1.166666666666666  0.010624111519908462
11.125  11.354166666666666  1.166666666666666  1.5  0.0
11.125  11.354166666666666  1.5  1.833333333333333  0.0
11.125  11.354166666666666  1.833333333333333  2.166666666666666  0.0
11.125  11.354166666666666  2.166666666666666  2.5  0.0
11.354166666666666  11.583333333333332  -5.5  -5.166666666666667  0.0
11.354166666666666  11.583333333333332  -5.166666666666667  -4.833333333333333  0.0
11.354166666666666  11.583333333333332  -4.833333333333333  -4.5  0.0
11.354166666666666  11.583333333333332  -4.5  -4.166666666666667  0.0
11.354166666666666  11.583333333333332  -4.166666666666667  -3.8333333333333335  0.0
11.354166666666666  11.583333333333332  -3.8333333333333335  -3.5  0.0
11.354166666666666  11.583333333333332  -3.5  -3.166666666666667  0.0
11.354166666666666  11.583333333333332  -3.166666666666667  -2.8333333333333335  0.0
11.354166666666666  11.583333333333332  -2.8333333333333335  -2.5  0.0
11.354166666666666  11.583333333333332  -2.5  -2.166666666666667  0.0
11.354166666666666  11.583333333333332  -2.166666666666667  -1.8333333333333335  0.0
11.354166666666666  11.583333333333332  -1.8333333333333335  -1.5  0.004030545051602519
11.354166666666666  11.583333333333332  -1.5  -1.166666666666667  0.0
11.354166666666666  11.583333333333332  -1.166666666666667  -0.8333333333333339  0.008349740753287933
11.354166666666666  11.583333333333332  -0.8333333333333339  -0.5  0.018749547647250314
11.354166666666666  11.583333333333332  -0.5  -0.16666666666666696  0.011391862006322126
11.354166666666666  11.583333333333332  -0.16666666666666696  0.16666666666666607  0.017222576764447616
11.354166666666666  11.583333333333332  0.16666666666666607  0.5  0.017386489101693485
11.354166666666666  11.583333333333332  0.5  0.833333333333333  0.019971421182561337
11.354166666666666  11.583333333333332  0.833333333333333  1.166666666666666  0.014579645738945778
11.354166666666666  11.583333333333332  1.166666666666666  1.5  0.0
11.354166666666666  11.583333333333332  1.5  1.833333333333333  0.0
11.354166666666666  11.583333333333332  1.833333333333333  2.166666666666666  0.0
11.354166666666666  11.583333333333332  2.166666666666666  2.5  0.0
11.583333333333332  11.8125  -5.5  -5.166666666666667  0.0
11.583333333333332  11.8125  -5.166666666666667  -4.833333333333333  0.0
11.583333333333332  11.8125  -4.833333333333333  -4.5  0.0
11.583333333333332  11.8125  -4.5  -4.166666666666667  0.0
11.583333333333332  11.8125  -4.166666666666667  -3.8333333333333335  0.0
11.583333333333332  11.8125  -3.8333333333333335  -3.5  0.0
11.583333333333332  11.8125  -3.5  -3.166666666666667  0.0
11.583333333333332  11.8125  -3.166666666666667  -2.8333333333333335  0.0
11.583333333333332  11.8125  -2.8333333333333335  -2.5  0.0
11.583333333333332  11.8125  -2.5  -2.166666666666667  0.0
11.583333333333332  11.8125  -2.166666666666667  -1.8333333333333335  0.0
11.583333333333332  11.8125  -1.8333333333333335  -1.5  0.006018480911866524
11.583333333333332  11.8125  -1.5  -1.166666666666667  0.0
11.583333333333332  11.8125  -1.166666666666667  -0.8333333333333339  0.0
11.583333333333332  11.8125  -0.8333333333333339  -0.5  0.0
11.583333333333332  11.8125  -0.5  -0.16666666666666696  0.018407484633517268
11.583333333333332  11.8125  -0.16666666666666696  0.16666666666666607  0.01955949111795169
11.583333333333332  11.8125  0.16666666666666607  0.5  0.021636524218284325
11.583333333333332  11.8125  0.5  0.833333333333333  0.03572247982509198
11.583333333333332  11.8125  0.833333333333333  1.166666666666666  0.040348710801427656
11.583333333333332  11.8125  1.166666666666666  1.5  0.013754470241011655
11.583333333333332  11.8125  1.5  1.833333333333333  0.012533021534670008
11.583333333333332  11.8125  1.833333333333333  2.166666666666666  0.0
11.583333333333332  11.8125  2.166666666666666  2.5  0.0
11.8125  12.041666666666666  -5.5  -5.166666666666667  0.0
11.8125  12.041666666666666  -5.166666666666667  -4.833333333333333  0.0
11.8125  12.041666666666666  -4.833333333333333  -4.5  0.0
11.8125  12.041666666666666  -4.5  -4.166666666666667  0.0
11.8125  12.041666666666666  -4.166666666666667  -3.8333333333333335  0.0
11.8125  12.041666666666666  -3.8333333333333335  -3.5  0.0
11.8125  12.041666666666666  -3.5  -3.166666666666667  0.0
11.8125  12.041666666666666  -3.166666666666667  -2.8333333333333335  0.0
11.8125  12.041666666666666  -2.8333333333333335  -2.5  0.0
11.8125  12.041666666666666  -2.5  -2.166666666666667  0.0
11.8125  12.041666666666666  -2.166666666666667  -1.8333333333333335  0.0
11.8125  12.041666666666666  -1.8333333333333335  -1.5  0.0
11.8125  12.041666666666666  -1.5  -1.166666666666667  0.0
11.8125  12.041666666666666  -1.166666666666667  -0.8333333333333339  0.0
11.8125  12.041666666666666  -0.8333333333333339  -0.5  0.0
11.8125  12.041666666666666  -0.5  -0.16666666666666696  0.0
11.8125  12.041666666666666  -0.16666666666666696  0.16666666666666607  0.016595549986686223
11.8125  12.041666666666666  0.16666666666666607  0.5  0.0
11.8125  12.041666666666666  0.5  0.833333333333333  0.0
11.8125  12.041666666666666  0.833333333333333  1.166666666666666  0.04139457320782088
11.8125  12.041666666666666  1.166666666666666  1.5  0.018545695776811436
11.8125  12.041666666666666  1.5  1.833333333333333  0.0
11.8125  12.041666666666666  1.833333333333333  2.166666666666666  0.0
11.8125  12.041666666666666  2.166666666666666  2.5  0.0
12.041666666666666  12.270833333333332  -5.5  -5.166666666666667  0.0
12.041666666666666  12.270833333333332  -5.166666666666667  -4.833333333333333  0.0
12.041666666666666  12.270833333333332  -4.833333333333333  -4.5  0.0
12.041666666666666  12.270833333333332  -4.5  -4.166666666666667  0.0
12.041666666666666  12.270833333333332  -4.166666666666667  -3.8333333333333335  0.0
12.041666666666666  12.270833333333332  -3.8333333333333335  -3.5  0.0
12.041666666666666  12.270833333333332  -3.5  -3.166666666666667  0.0
12.041666666666666  12.270833333333332  -3.166666666666667  -2.8333333333333335  0.0
12.041666666666666  12.270833333333332  -2.8333333333333335  -2.5  0.0
12.041666666666666  12.270833333333332  -2.5  -2.166666666666667  0.0
12.041666666666666  12.270833333333332  -2.166666666666667  -1.8333333333333335  0.0
12.041666666666666  12.270833333333332  -1.8333333333333335  -1.5  0.0
12.041666666666666  12.270833333333332  -1.5  -1.166666666666667  0.0
12.041666666666666  12.270833333333332  -1.166666666666667  -0.8333333333333339  0.0
12.041666666666666  12.270833333333332  -0.8333333333333339  -0.5  0.0
12.041666666666666  12.270833333333332  -0.5  -0.16666666666666696  0.0
12.041666666666666  12.270833333333332  -0.16666666666666696  0.16666666666666607  0.0
12.041666666666666  12.270833333333332  0.16666666666666607  0.5  0.0
12.041666666666666  12.270833333333332  0.5  0.833333333333333  0.0
12.041666666666666  12.270833333333332  0.833333333333333  1.166666666666666  0.06674750465571369
12.041666666666666  12.270833333333332  1.166666666666666  1.5  0.0928765519327708
12.041666666666666  12.270833333333332  1.5  1.833333333333333  0.10417236132821897
12.041666666666666  12.270833333333332  1.833333333333333  2.166666666666666  0.0
12.041666666666666  12.270833333333332  2.166666666666666  2.5  0.0
12.270833333333332  12.5  -5.5  -5.166666666666667  0.0
12.270833333333332  12.5  -5.166666666666667  -4.833333333333333  0.0
12.270833333333332  12.5  -4.833333333333333  -4.5  0.0
12.270833333333332  12.5  -4.5  -4.166666666666667  0.0
12.270833333333332  12.5  -4.166666666666667  -3.8333333333333335  0.0
12.270833333333332  12.5  -3.8333333333333335  -3.5  0.0
12.270833333333332  12.5  -3.5  -3.166666666666667  0.0
12.270833333333332  12.5  -3.166666666666667  -2.8333333333333335  0.0
12.270833333333332  12.5  -2.8333333333333335  -2.5  0.0
12.270833333333332  12.5  -2.5  -2.166666666666667  0.0
12.270833333333332  12.5  -2.166666666666667  -1.8333333333333335  0.0
12.270833333333332  12.5  -1.8333333333333335  -1.5  0.0
12.270833333333332  12.5  -1.5  -1.166666666666667  0.0
12.270833333333332  12.5  -1.166666666666667  -0.8333333333333339  0.0
12.270833333333332  12.5  -0.8333333333333339  -0.5  0.0
12.270833333333332  12.5  -0.5  -0.16666666666666696  0.0
12.270833333333332  12.5  -0.16666666666666696  0.16666666666666607  0.0
12.270833333333332  12.5  0.16666666666666607  0.5  0.0
12.270833333333332  12.5  0.5  0.833333333333333  0.0
12.270833333333332  12.5  0.833333333333333  1.166666666666666  0.0
12.270833333333332  12.5  1.166666666666666  1.5  0.05959266377425478
12.270833333333332  12.5  1.5  1.833333333333333  0.055070901086540246
12.270833333333332  12.5  1.833333333333333  2.166666666666666  0.0
12.270833333333332  12.5  2.166666666666666  2.5  0.0
