logMsmin    logMsmax    logSFRmin    logSFRmax    Prob
7.0  7.229166666666667  -5.5  -5.166666666666667  0.0
7.0  7.229166666666667  -5.166666666666667  -4.833333333333333  0.0
7.0  7.229166666666667  -4.833333333333333  -4.5  0.0
7.0  7.229166666666667  -4.5  -4.166666666666667  0.0
7.0  7.229166666666667  -4.166666666666667  -3.8333333333333335  0.0
7.0  7.229166666666667  -3.8333333333333335  -3.5  0.0
7.0  7.229166666666667  -3.5  -3.166666666666667  8.923184379618851e-06
7.0  7.229166666666667  -3.166666666666667  -2.8333333333333335  4.221510707754483e-05
7.0  7.229166666666667  -2.8333333333333335  -2.5  1.938350617373922e-05
7.0  7.229166666666667  -2.5  -2.166666666666667  2.231090552421356e-05
7.0  7.229166666666667  -2.166666666666667  -1.8333333333333335  3.008919466492848e-05
7.0  7.229166666666667  -1.8333333333333335  -1.5  3.0754936636976946e-05
7.0  7.229166666666667  -1.5  -1.166666666666667  4.2738664057867366e-05
7.0  7.229166666666667  -1.166666666666667  -0.8333333333333339  4.978015602918296e-05
7.0  7.229166666666667  -0.8333333333333339  -0.5  3.526530010573661e-05
7.0  7.229166666666667  -0.5  -0.16666666666666696  2.1089931641752426e-05
7.0  7.229166666666667  -0.16666666666666696  0.16666666666666607  1.2924408458125221e-05
7.0  7.229166666666667  0.16666666666666607  0.5  7.843308562979531e-07
7.0  7.229166666666667  0.5  0.833333333333333  0.0
7.0  7.229166666666667  0.833333333333333  1.166666666666666  0.0
7.0  7.229166666666667  1.166666666666666  1.5  0.0
7.0  7.229166666666667  1.5  1.833333333333333  0.0
7.0  7.229166666666667  1.833333333333333  2.166666666666666  0.0
7.0  7.229166666666667  2.166666666666666  2.5  0.0
7.229166666666667  7.458333333333333  -5.5  -5.166666666666667  0.0
7.229166666666667  7.458333333333333  -5.166666666666667  -4.833333333333333  0.0
7.229166666666667  7.458333333333333  -4.833333333333333  -4.5  0.0
7.229166666666667  7.458333333333333  -4.5  -4.166666666666667  0.0
7.229166666666667  7.458333333333333  -4.166666666666667  -3.8333333333333335  0.0
7.229166666666667  7.458333333333333  -3.8333333333333335  -3.5  0.0
7.229166666666667  7.458333333333333  -3.5  -3.166666666666667  9.334673901346157e-06
7.229166666666667  7.458333333333333  -3.166666666666667  -2.8333333333333335  3.842498117917421e-05
7.229166666666667  7.458333333333333  -2.8333333333333335  -2.5  3.485362809338118e-05
7.229166666666667  7.458333333333333  -2.5  -2.166666666666667  3.2329464317874495e-05
7.229166666666667  7.458333333333333  -2.166666666666667  -1.8333333333333335  4.476186081006544e-05
7.229166666666667  7.458333333333333  -1.8333333333333335  -1.5  3.482080340383102e-05
7.229166666666667  7.458333333333333  -1.5  -1.166666666666667  4.510518722844392e-05
7.229166666666667  7.458333333333333  -1.166666666666667  -0.8333333333333339  4.9417792410434054e-05
7.229166666666667  7.458333333333333  -0.8333333333333339  -0.5  3.736299042453935e-05
7.229166666666667  7.458333333333333  -0.5  -0.16666666666666696  1.461875797255115e-05
7.229166666666667  7.458333333333333  -0.16666666666666696  0.16666666666666607  2.3188912273195957e-06
7.229166666666667  7.458333333333333  0.16666666666666607  0.5  9.752983691345455e-06
7.229166666666667  7.458333333333333  0.5  0.833333333333333  0.0
7.229166666666667  7.458333333333333  0.833333333333333  1.166666666666666  0.0
7.229166666666667  7.458333333333333  1.166666666666666  1.5  0.0
7.229166666666667  7.458333333333333  1.5  1.833333333333333  0.0
7.229166666666667  7.458333333333333  1.833333333333333  2.166666666666666  0.0
7.229166666666667  7.458333333333333  2.166666666666666  2.5  0.0
7.458333333333333  7.6875  -5.5  -5.166666666666667  0.0
7.458333333333333  7.6875  -5.166666666666667  -4.833333333333333  0.0
7.458333333333333  7.6875  -4.833333333333333  -4.5  0.0
7.458333333333333  7.6875  -4.5  -4.166666666666667  0.0
7.458333333333333  7.6875  -4.166666666666667  -3.8333333333333335  0.0
7.458333333333333  7.6875  -3.8333333333333335  -3.5  0.0
7.458333333333333  7.6875  -3.5  -3.166666666666667  1.8842127933356122e-05
7.458333333333333  7.6875  -3.166666666666667  -2.8333333333333335  7.021121687689525e-05
7.458333333333333  7.6875  -2.8333333333333335  -2.5  4.11764479874425e-05
7.458333333333333  7.6875  -2.5  -2.166666666666667  4.602233137409678e-05
7.458333333333333  7.6875  -2.166666666666667  -1.8333333333333335  5.209129207671636e-05
7.458333333333333  7.6875  -1.8333333333333335  -1.5  7.331662532969623e-05
7.458333333333333  7.6875  -1.5  -1.166666666666667  7.061029083504176e-05
7.458333333333333  7.6875  -1.166666666666667  -0.8333333333333339  5.203369249200962e-05
7.458333333333333  7.6875  -0.8333333333333339  -0.5  6.420486921205511e-05
7.458333333333333  7.6875  -0.5  -0.16666666666666696  1.9538180971503535e-05
7.458333333333333  7.6875  -0.16666666666666696  0.16666666666666607  3.209165495225889e-05
7.458333333333333  7.6875  0.16666666666666607  0.5  1.3811043339180833e-06
7.458333333333333  7.6875  0.5  0.833333333333333  0.0
7.458333333333333  7.6875  0.833333333333333  1.166666666666666  0.0
7.458333333333333  7.6875  1.166666666666666  1.5  0.0
7.458333333333333  7.6875  1.5  1.833333333333333  0.0
7.458333333333333  7.6875  1.833333333333333  2.166666666666666  0.0
7.458333333333333  7.6875  2.166666666666666  2.5  0.0
7.6875  7.916666666666667  -5.5  -5.166666666666667  0.0
7.6875  7.916666666666667  -5.166666666666667  -4.833333333333333  0.0
7.6875  7.916666666666667  -4.833333333333333  -4.5  0.0
7.6875  7.916666666666667  -4.5  -4.166666666666667  0.0
7.6875  7.916666666666667  -4.166666666666667  -3.8333333333333335  0.0
7.6875  7.916666666666667  -3.8333333333333335  -3.5  0.0
7.6875  7.916666666666667  -3.5  -3.166666666666667  3.437504971457631e-05
7.6875  7.916666666666667  -3.166666666666667  -2.8333333333333335  0.00011997648389369708
7.6875  7.916666666666667  -2.8333333333333335  -2.5  4.8614630495870396e-05
7.6875  7.916666666666667  -2.5  -2.166666666666667  5.902604767230465e-05
7.6875  7.916666666666667  -2.166666666666667  -1.8333333333333335  5.7418085990821165e-05
7.6875  7.916666666666667  -1.8333333333333335  -1.5  0.00014830880283400714
7.6875  7.916666666666667  -1.5  -1.166666666666667  7.472484194723067e-05
7.6875  7.916666666666667  -1.166666666666667  -0.8333333333333339  0.0001283803017201072
7.6875  7.916666666666667  -0.8333333333333339  -0.5  8.678572833312174e-05
7.6875  7.916666666666667  -0.5  -0.16666666666666696  4.4265697975079796e-05
7.6875  7.916666666666667  -0.16666666666666696  0.16666666666666607  2.1374396126533856e-05
7.6875  7.916666666666667  0.16666666666666607  0.5  6.172342825666775e-06
7.6875  7.916666666666667  0.5  0.833333333333333  1.7050670789087175e-06
7.6875  7.916666666666667  0.833333333333333  1.166666666666666  0.0
7.6875  7.916666666666667  1.166666666666666  1.5  0.0
7.6875  7.916666666666667  1.5  1.833333333333333  0.0
7.6875  7.916666666666667  1.833333333333333  2.166666666666666  0.0
7.6875  7.916666666666667  2.166666666666666  2.5  0.0
7.916666666666667  8.145833333333334  -5.5  -5.166666666666667  0.0
7.916666666666667  8.145833333333334  -5.166666666666667  -4.833333333333333  0.0
7.916666666666667  8.145833333333334  -4.833333333333333  -4.5  0.0
7.916666666666667  8.145833333333334  -4.5  -4.166666666666667  0.0
7.916666666666667  8.145833333333334  -4.166666666666667  -3.8333333333333335  0.0
7.916666666666667  8.145833333333334  -3.8333333333333335  -3.5  0.0
7.916666666666667  8.145833333333334  -3.5  -3.166666666666667  4.819656276385588e-05
7.916666666666667  8.145833333333334  -3.166666666666667  -2.8333333333333335  0.00011326096385333018
7.916666666666667  8.145833333333334  -2.8333333333333335  -2.5  0.0001499700883545699
7.916666666666667  8.145833333333334  -2.5  -2.166666666666667  9.272245262296215e-05
7.916666666666667  8.145833333333334  -2.166666666666667  -1.8333333333333335  8.55220605463734e-05
7.916666666666667  8.145833333333334  -1.8333333333333335  -1.5  8.57824862899742e-05
7.916666666666667  8.145833333333334  -1.5  -1.166666666666667  0.00012550976764588983
7.916666666666667  8.145833333333334  -1.166666666666667  -0.8333333333333339  0.00016062675746030444
7.916666666666667  8.145833333333334  -0.8333333333333339  -0.5  0.0001423890650137281
7.916666666666667  8.145833333333334  -0.5  -0.16666666666666696  0.00012909144048106852
7.916666666666667  8.145833333333334  -0.16666666666666696  0.16666666666666607  8.451773929158497e-05
7.916666666666667  8.145833333333334  0.16666666666666607  0.5  6.506535973132684e-06
7.916666666666667  8.145833333333334  0.5  0.833333333333333  0.0
7.916666666666667  8.145833333333334  0.833333333333333  1.166666666666666  0.0
7.916666666666667  8.145833333333334  1.166666666666666  1.5  0.0
7.916666666666667  8.145833333333334  1.5  1.833333333333333  0.0
7.916666666666667  8.145833333333334  1.833333333333333  2.166666666666666  0.0
7.916666666666667  8.145833333333334  2.166666666666666  2.5  0.0
8.145833333333334  8.375  -5.5  -5.166666666666667  0.0
8.145833333333334  8.375  -5.166666666666667  -4.833333333333333  0.0
8.145833333333334  8.375  -4.833333333333333  -4.5  0.0
8.145833333333334  8.375  -4.5  -4.166666666666667  0.0
8.145833333333334  8.375  -4.166666666666667  -3.8333333333333335  0.0
8.145833333333334  8.375  -3.8333333333333335  -3.5  0.0
8.145833333333334  8.375  -3.5  -3.166666666666667  2.7281073262562214e-05
8.145833333333334  8.375  -3.166666666666667  -2.8333333333333335  0.00022139594394351265
8.145833333333334  8.375  -2.8333333333333335  -2.5  8.006545001280603e-05
8.145833333333334  8.375  -2.5  -2.166666666666667  0.00016276160250679493
8.145833333333334  8.375  -2.166666666666667  -1.8333333333333335  0.00010836282004017826
8.145833333333334  8.375  -1.8333333333333335  -1.5  0.0001675943363079308
8.145833333333334  8.375  -1.5  -1.166666666666667  0.00014265988296128748
8.145833333333334  8.375  -1.166666666666667  -0.8333333333333339  0.0001328924937798382
8.145833333333334  8.375  -0.8333333333333339  -0.5  0.00023054674885339573
8.145833333333334  8.375  -0.5  -0.16666666666666696  0.0002769948638999275
8.145833333333334  8.375  -0.16666666666666696  0.16666666666666607  6.249845874714292e-05
8.145833333333334  8.375  0.16666666666666607  0.5  7.648443753974293e-06
8.145833333333334  8.375  0.5  0.833333333333333  1.3640536631306935e-07
8.145833333333334  8.375  0.833333333333333  1.166666666666666  1.9778778115361477e-05
8.145833333333334  8.375  1.166666666666666  1.5  0.0
8.145833333333334  8.375  1.5  1.833333333333333  0.0
8.145833333333334  8.375  1.833333333333333  2.166666666666666  0.0
8.145833333333334  8.375  2.166666666666666  2.5  0.0
8.375  8.604166666666666  -5.5  -5.166666666666667  0.0
8.375  8.604166666666666  -5.166666666666667  -4.833333333333333  0.0
8.375  8.604166666666666  -4.833333333333333  -4.5  0.0
8.375  8.604166666666666  -4.5  -4.166666666666667  0.0
8.375  8.604166666666666  -4.166666666666667  -3.8333333333333335  0.0
8.375  8.604166666666666  -3.8333333333333335  -3.5  0.0
8.375  8.604166666666666  -3.5  -3.166666666666667  2.7212870579430732e-05
8.375  8.604166666666666  -3.166666666666667  -2.8333333333333335  0.00021329157719814695
8.375  8.604166666666666  -2.8333333333333335  -2.5  0.00032259869132971093
8.375  8.604166666666666  -2.5  -2.166666666666667  0.00019870969837498201
8.375  8.604166666666666  -2.166666666666667  -1.8333333333333335  0.0001626442819092225
8.375  8.604166666666666  -1.8333333333333335  -1.5  0.0003549994609479239
8.375  8.604166666666666  -1.5  -1.166666666666667  0.00023894819723341404
8.375  8.604166666666666  -1.166666666666667  -0.8333333333333339  0.00024363482668618395
8.375  8.604166666666666  -0.8333333333333339  -0.5  0.0002411203279251311
8.375  8.604166666666666  -0.5  -0.16666666666666696  0.00040966000416132537
8.375  8.604166666666666  -0.16666666666666696  0.16666666666666607  0.00017372587453610904
8.375  8.604166666666666  0.16666666666666607  0.5  5.842696523741501e-06
8.375  8.604166666666666  0.5  0.833333333333333  2.3188912273175293e-06
8.375  8.604166666666666  0.833333333333333  1.166666666666666  0.0
8.375  8.604166666666666  1.166666666666666  1.5  0.0
8.375  8.604166666666666  1.5  1.833333333333333  0.0
8.375  8.604166666666666  1.833333333333333  2.166666666666666  0.0
8.375  8.604166666666666  2.166666666666666  2.5  0.0
8.604166666666666  8.833333333333334  -5.5  -5.166666666666667  0.0
8.604166666666666  8.833333333333334  -5.166666666666667  -4.833333333333333  0.0
8.604166666666666  8.833333333333334  -4.833333333333333  -4.5  0.0
8.604166666666666  8.833333333333334  -4.5  -4.166666666666667  0.0
8.604166666666666  8.833333333333334  -4.166666666666667  -3.8333333333333335  0.0
8.604166666666666  8.833333333333334  -3.8333333333333335  -3.5  0.0
8.604166666666666  8.833333333333334  -3.5  -3.166666666666667  0.0
8.604166666666666  8.833333333333334  -3.166666666666667  -2.8333333333333335  0.00015027324522124013
8.604166666666666  8.833333333333334  -2.8333333333333335  -2.5  0.0001907288034468203
8.604166666666666  8.833333333333334  -2.5  -2.166666666666667  8.744436514188149e-05
8.604166666666666  8.833333333333334  -2.166666666666667  -1.8333333333333335  9.923903748862222e-05
8.604166666666666  8.833333333333334  -1.8333333333333335  -1.5  0.00010541423759326122
8.604166666666666  8.833333333333334  -1.5  -1.166666666666667  0.00021581776324744792
8.604166666666666  8.833333333333334  -1.166666666666667  -0.8333333333333339  0.00021498013720644448
8.604166666666666  8.833333333333334  -0.8333333333333339  -0.5  0.0004085561577590369
8.604166666666666  8.833333333333334  -0.5  -0.16666666666666696  0.0004222364466786211
8.604166666666666  8.833333333333334  -0.16666666666666696  0.16666666666666607  0.00047617010463755127
8.604166666666666  8.833333333333334  0.16666666666666607  0.5  0.0005541110754311925
8.604166666666666  8.833333333333334  0.5  0.833333333333333  1.1594456136587647e-06
8.604166666666666  8.833333333333334  0.833333333333333  1.166666666666666  0.0
8.604166666666666  8.833333333333334  1.166666666666666  1.5  0.0
8.604166666666666  8.833333333333334  1.5  1.833333333333333  0.0
8.604166666666666  8.833333333333334  1.833333333333333  2.166666666666666  0.0
8.604166666666666  8.833333333333334  2.166666666666666  2.5  0.0
8.833333333333334  9.0625  -5.5  -5.166666666666667  0.0
8.833333333333334  9.0625  -5.166666666666667  -4.833333333333333  0.0
8.833333333333334  9.0625  -4.833333333333333  -4.5  0.0
8.833333333333334  9.0625  -4.5  -4.166666666666667  0.0
8.833333333333334  9.0625  -4.166666666666667  -3.8333333333333335  0.0
8.833333333333334  9.0625  -3.8333333333333335  -3.5  0.0
8.833333333333334  9.0625  -3.5  -3.166666666666667  0.0
8.833333333333334  9.0625  -3.166666666666667  -2.8333333333333335  0.0
8.833333333333334  9.0625  -2.8333333333333335  -2.5  8.811786663821076e-05
8.833333333333334  9.0625  -2.5  -2.166666666666667  0.00010417959852130516
8.833333333333334  9.0625  -2.166666666666667  -1.8333333333333335  0.00019733764344473026
8.833333333333334  9.0625  -1.8333333333333335  -1.5  0.00014148446024665355
8.833333333333334  9.0625  -1.5  -1.166666666666667  0.00035178703513893695
8.833333333333334  9.0625  -1.166666666666667  -0.8333333333333339  0.00036359471859397704
8.833333333333334  9.0625  -0.8333333333333339  -0.5  0.0003635830070454314
8.833333333333334  9.0625  -0.5  -0.16666666666666696  0.0003804629612093254
8.833333333333334  9.0625  -0.16666666666666696  0.16666666666666607  0.0007441318950295455
8.833333333333334  9.0625  0.16666666666666607  0.5  0.000466950703604346
8.833333333333334  9.0625  0.5  0.833333333333333  1.1628557478159846e-05
8.833333333333334  9.0625  0.833333333333333  1.166666666666666  0.0
8.833333333333334  9.0625  1.166666666666666  1.5  0.0
8.833333333333334  9.0625  1.5  1.833333333333333  0.0
8.833333333333334  9.0625  1.833333333333333  2.166666666666666  0.0
8.833333333333334  9.0625  2.166666666666666  2.5  0.0
9.0625  9.291666666666666  -5.5  -5.166666666666667  0.0
9.0625  9.291666666666666  -5.166666666666667  -4.833333333333333  0.0
9.0625  9.291666666666666  -4.833333333333333  -4.5  0.0
9.0625  9.291666666666666  -4.5  -4.166666666666667  0.0
9.0625  9.291666666666666  -4.166666666666667  -3.8333333333333335  0.0
9.0625  9.291666666666666  -3.8333333333333335  -3.5  0.0
9.0625  9.291666666666666  -3.5  -3.166666666666667  0.0
9.0625  9.291666666666666  -3.166666666666667  -2.8333333333333335  0.00011546714258364615
9.0625  9.291666666666666  -2.8333333333333335  -2.5  0.00030186507564986106
9.0625  9.291666666666666  -2.5  -2.166666666666667  4.208105550753996e-05
9.0625  9.291666666666666  -2.166666666666667  -1.8333333333333335  8.238884125299676e-05
9.0625  9.291666666666666  -1.8333333333333335  -1.5  0.00011893411231091012
9.0625  9.291666666666666  -1.5  -1.166666666666667  0.00032652773423543695
9.0625  9.291666666666666  -1.166666666666667  -0.8333333333333339  0.0002765720814554585
9.0625  9.291666666666666  -0.8333333333333339  -0.5  0.00028078614187050774
9.0625  9.291666666666666  -0.5  -0.16666666666666696  0.0006146482850409854
9.0625  9.291666666666666  -0.16666666666666696  0.16666666666666607  0.001356609606543986
9.0625  9.291666666666666  0.16666666666666607  0.5  0.000699166346681936
9.0625  9.291666666666666  0.5  0.833333333333333  0.0005888960677129763
9.0625  9.291666666666666  0.833333333333333  1.166666666666666  0.0
9.0625  9.291666666666666  1.166666666666666  1.5  0.0
9.0625  9.291666666666666  1.5  1.833333333333333  0.0
9.0625  9.291666666666666  1.833333333333333  2.166666666666666  0.0
9.0625  9.291666666666666  2.166666666666666  2.5  0.0
9.291666666666666  9.520833333333332  -5.5  -5.166666666666667  0.0
9.291666666666666  9.520833333333332  -5.166666666666667  -4.833333333333333  0.0
9.291666666666666  9.520833333333332  -4.833333333333333  -4.5  0.0
9.291666666666666  9.520833333333332  -4.5  -4.166666666666667  0.0
9.291666666666666  9.520833333333332  -4.166666666666667  -3.8333333333333335  0.0
9.291666666666666  9.520833333333332  -3.8333333333333335  -3.5  0.0
9.291666666666666  9.520833333333332  -3.5  -3.166666666666667  0.0
9.291666666666666  9.520833333333332  -3.166666666666667  -2.8333333333333335  3.976216428016905e-05
9.291666666666666  9.520833333333332  -2.8333333333333335  -2.5  0.000474349661353018
9.291666666666666  9.520833333333332  -2.5  -2.166666666666667  0.0
9.291666666666666  9.520833333333332  -2.166666666666667  -1.8333333333333335  2.3325317639489914e-05
9.291666666666666  9.520833333333332  -1.8333333333333335  -1.5  0.00012685699067104602
9.291666666666666  9.520833333333332  -1.5  -1.166666666666667  0.0004182018024445288
9.291666666666666  9.520833333333332  -1.166666666666667  -0.8333333333333339  0.00022585805689272337
9.291666666666666  9.520833333333332  -0.8333333333333339  -0.5  0.0005602412171126619
9.291666666666666  9.520833333333332  -0.5  -0.16666666666666696  0.0004541427052937552
9.291666666666666  9.520833333333332  -0.16666666666666696  0.16666666666666607  0.0010625939520070046
9.291666666666666  9.520833333333332  0.16666666666666607  0.5  0.001153380429084807
9.291666666666666  9.520833333333332  0.5  0.833333333333333  0.0010513345438036893
9.291666666666666  9.520833333333332  0.833333333333333  1.166666666666666  1.7664494937510706e-05
9.291666666666666  9.520833333333332  1.166666666666666  1.5  0.0
9.291666666666666  9.520833333333332  1.5  1.833333333333333  0.0
9.291666666666666  9.520833333333332  1.833333333333333  2.166666666666666  0.0
9.291666666666666  9.520833333333332  2.166666666666666  2.5  0.0
9.520833333333332  9.75  -5.5  -5.166666666666667  0.0
9.520833333333332  9.75  -5.166666666666667  -4.833333333333333  0.0
9.520833333333332  9.75  -4.833333333333333  -4.5  0.0
9.520833333333332  9.75  -4.5  -4.166666666666667  0.0
9.520833333333332  9.75  -4.166666666666667  -3.8333333333333335  0.0
9.520833333333332  9.75  -3.8333333333333335  -3.5  0.0
9.520833333333332  9.75  -3.5  -3.166666666666667  0.0
9.520833333333332  9.75  -3.166666666666667  -2.8333333333333335  0.0
9.520833333333332  9.75  -2.8333333333333335  -2.5  0.00011959340491477961
9.520833333333332  9.75  -2.5  -2.166666666666667  0.0001047593213280777
9.520833333333332  9.75  -2.166666666666667  -1.8333333333333335  0.0
9.520833333333332  9.75  -1.8333333333333335  -1.5  0.0
9.520833333333332  9.75  -1.5  -1.166666666666667  0.00023864118836445573
9.520833333333332  9.75  -1.166666666666667  -0.8333333333333339  0.00016589815515777136
9.520833333333332  9.75  -0.8333333333333339  -0.5  0.0005122536814208022
9.520833333333332  9.75  -0.5  -0.16666666666666696  0.0008455085873092487
9.520833333333332  9.75  -0.16666666666666696  0.16666666666666607  0.0007228971640339428
9.520833333333332  9.75  0.16666666666666607  0.5  0.0017184137380168811
9.520833333333332  9.75  0.5  0.833333333333333  0.0018178535740055609
9.520833333333332  9.75  0.833333333333333  1.166666666666666  0.0002117011285177059
9.520833333333332  9.75  1.166666666666666  1.5  0.0
9.520833333333332  9.75  1.5  1.833333333333333  0.0
9.520833333333332  9.75  1.833333333333333  2.166666666666666  0.0
9.520833333333332  9.75  2.166666666666666  2.5  0.0
9.75  9.979166666666666  -5.5  -5.166666666666667  0.0
9.75  9.979166666666666  -5.166666666666667  -4.833333333333333  0.0
9.75  9.979166666666666  -4.833333333333333  -4.5  0.0
9.75  9.979166666666666  -4.5  -4.166666666666667  0.0
9.75  9.979166666666666  -4.166666666666667  -3.8333333333333335  0.0
9.75  9.979166666666666  -3.8333333333333335  -3.5  0.0
9.75  9.979166666666666  -3.5  -3.166666666666667  0.0
9.75  9.979166666666666  -3.166666666666667  -2.8333333333333335  0.0002798356089909541
9.75  9.979166666666666  -2.8333333333333335  -2.5  0.0
9.75  9.979166666666666  -2.5  -2.166666666666667  8.116119295590689e-06
9.75  9.979166666666666  -2.166666666666667  -1.8333333333333335  0.00020494906288500312
9.75  9.979166666666666  -1.8333333333333335  -1.5  0.00047271279695724263
9.75  9.979166666666666  -1.5  -1.166666666666667  0.0004672906836461718
9.75  9.979166666666666  -1.166666666666667  -0.8333333333333339  0.0019488405191824074
9.75  9.979166666666666  -0.8333333333333339  -0.5  0.0021019043908559716
9.75  9.979166666666666  -0.5  -0.16666666666666696  0.0013923736094044658
9.75  9.979166666666666  -0.16666666666666696  0.16666666666666607  0.0012641982950631486
9.75  9.979166666666666  0.16666666666666607  0.5  0.0012253475357140045
9.75  9.979166666666666  0.5  0.833333333333333  0.0029059480018446392
9.75  9.979166666666666  0.833333333333333  1.166666666666666  0.0034307494217854107
9.75  9.979166666666666  1.166666666666666  1.5  0.0
9.75  9.979166666666666  1.5  1.833333333333333  0.0
9.75  9.979166666666666  1.833333333333333  2.166666666666666  0.0
9.75  9.979166666666666  2.166666666666666  2.5  0.0
9.979166666666666  10.208333333333332  -5.5  -5.166666666666667  0.0
9.979166666666666  10.208333333333332  -5.166666666666667  -4.833333333333333  0.0
9.979166666666666  10.208333333333332  -4.833333333333333  -4.5  0.0
9.979166666666666  10.208333333333332  -4.5  -4.166666666666667  0.0
9.979166666666666  10.208333333333332  -4.166666666666667  -3.8333333333333335  0.0
9.979166666666666  10.208333333333332  -3.8333333333333335  -3.5  0.0
9.979166666666666  10.208333333333332  -3.5  -3.166666666666667  0.0
9.979166666666666  10.208333333333332  -3.166666666666667  -2.8333333333333335  0.0001344274885011199
9.979166666666666  10.208333333333332  -2.8333333333333335  -2.5  0.0007385668559026272
9.979166666666666  10.208333333333332  -2.5  -2.166666666666667  0.0012609994088772865
9.979166666666666  10.208333333333332  -2.166666666666667  -1.8333333333333335  0.0009864836091736358
9.979166666666666  10.208333333333332  -1.8333333333333335  -1.5  0.0007821938388925297
9.979166666666666  10.208333333333332  -1.5  -1.166666666666667  0.0024767804388286384
9.979166666666666  10.208333333333332  -1.166666666666667  -0.8333333333333339  0.002727390061370691
9.979166666666666  10.208333333333332  -0.8333333333333339  -0.5  0.00258343563235425
9.979166666666666  10.208333333333332  -0.5  -0.16666666666666696  0.0031011133216091243
9.979166666666666  10.208333333333332  -0.16666666666666696  0.16666666666666607  0.003341054540660698
9.979166666666666  10.208333333333332  0.16666666666666607  0.5  0.0032713986206062765
9.979166666666666  10.208333333333332  0.5  0.833333333333333  0.004060325082699686
9.979166666666666  10.208333333333332  0.833333333333333  1.166666666666666  0.006052510711348394
9.979166666666666  10.208333333333332  1.166666666666666  1.5  0.003450771589869142
9.979166666666666  10.208333333333332  1.5  1.833333333333333  0.0
9.979166666666666  10.208333333333332  1.833333333333333  2.166666666666666  0.0
9.979166666666666  10.208333333333332  2.166666666666666  2.5  0.0
10.208333333333332  10.4375  -5.5  -5.166666666666667  0.0
10.208333333333332  10.4375  -5.166666666666667  -4.833333333333333  0.0
10.208333333333332  10.4375  -4.833333333333333  -4.5  0.0
10.208333333333332  10.4375  -4.5  -4.166666666666667  0.0
10.208333333333332  10.4375  -4.166666666666667  -3.8333333333333335  0.0
10.208333333333332  10.4375  -3.8333333333333335  -3.5  0.0
10.208333333333332  10.4375  -3.5  -3.166666666666667  0.0
10.208333333333332  10.4375  -3.166666666666667  -2.8333333333333335  0.0
10.208333333333332  10.4375  -2.8333333333333335  -2.5  0.001761538900564778
10.208333333333332  10.4375  -2.5  -2.166666666666667  0.0008124303617585065
10.208333333333332  10.4375  -2.166666666666667  -1.8333333333333335  0.0018441096156384942
10.208333333333332  10.4375  -1.8333333333333335  -1.5  0.0
10.208333333333332  10.4375  -1.5  -1.166666666666667  0.00367201825225392
10.208333333333332  10.4375  -1.166666666666667  -0.8333333333333339  0.005007566035602736
10.208333333333332  10.4375  -0.8333333333333339  -0.5  0.0036685700382617227
10.208333333333332  10.4375  -0.5  -0.16666666666666696  0.004471141805504713
10.208333333333332  10.4375  -0.16666666666666696  0.16666666666666607  0.003236412480373179
10.208333333333332  10.4375  0.16666666666666607  0.5  0.005357107653263829
10.208333333333332  10.4375  0.5  0.833333333333333  0.006362452802519885
10.208333333333332  10.4375  0.833333333333333  1.166666666666666  0.007346306967365879
10.208333333333332  10.4375  1.166666666666666  1.5  0.004733222832143088
10.208333333333332  10.4375  1.5  1.833333333333333  0.0
10.208333333333332  10.4375  1.833333333333333  2.166666666666666  0.0
10.208333333333332  10.4375  2.166666666666666  2.5  0.0
10.4375  10.666666666666666  -5.5  -5.166666666666667  0.0
10.4375  10.666666666666666  -5.166666666666667  -4.833333333333333  0.0
10.4375  10.666666666666666  -4.833333333333333  -4.5  0.0
10.4375  10.666666666666666  -4.5  -4.166666666666667  0.0
10.4375  10.666666666666666  -4.166666666666667  -3.8333333333333335  0.0
10.4375  10.666666666666666  -3.8333333333333335  -3.5  0.0
10.4375  10.666666666666666  -3.5  -3.166666666666667  0.0
10.4375  10.666666666666666  -3.166666666666667  -2.8333333333333335  0.0
10.4375  10.666666666666666  -2.8333333333333335  -2.5  0.0
10.4375  10.666666666666666  -2.5  -2.166666666666667  0.0
10.4375  10.666666666666666  -2.166666666666667  -1.8333333333333335  0.0
10.4375  10.666666666666666  -1.8333333333333335  -1.5  0.003381625436264654
10.4375  10.666666666666666  -1.5  -1.166666666666667  0.0
10.4375  10.666666666666666  -1.166666666666667  -0.8333333333333339  0.0052170278426878925
10.4375  10.666666666666666  -0.8333333333333339  -0.5  0.005230968795896654
10.4375  10.666666666666666  -0.5  -0.16666666666666696  0.006988592537673481
10.4375  10.666666666666666  -0.16666666666666696  0.16666666666666607  0.007926513326817184
10.4375  10.666666666666666  0.16666666666666607  0.5  0.008304540417558246
10.4375  10.666666666666666  0.5  0.833333333333333  0.0100505128711739
10.4375  10.666666666666666  0.833333333333333  1.166666666666666  0.014953446982555026
10.4375  10.666666666666666  1.166666666666666  1.5  0.008502080553019924
10.4375  10.666666666666666  1.5  1.833333333333333  0.008585285553056814
10.4375  10.666666666666666  1.833333333333333  2.166666666666666  0.0
10.4375  10.666666666666666  2.166666666666666  2.5  0.0
10.666666666666666  10.895833333333332  -5.5  -5.166666666666667  0.0
10.666666666666666  10.895833333333332  -5.166666666666667  -4.833333333333333  0.0
10.666666666666666  10.895833333333332  -4.833333333333333  -4.5  0.0
10.666666666666666  10.895833333333332  -4.5  -4.166666666666667  0.0
10.666666666666666  10.895833333333332  -4.166666666666667  -3.8333333333333335  0.0
10.666666666666666  10.895833333333332  -3.8333333333333335  -3.5  0.0
10.666666666666666  10.895833333333332  -3.5  -3.166666666666667  0.0
10.666666666666666  10.895833333333332  -3.166666666666667  -2.8333333333333335  0.0
10.666666666666666  10.895833333333332  -2.8333333333333335  -2.5  0.0
10.666666666666666  10.895833333333332  -2.5  -2.166666666666667  0.0
10.666666666666666  10.895833333333332  -2.166666666666667  -1.8333333333333335  0.0
10.666666666666666  10.895833333333332  -1.8333333333333335  -1.5  0.0
10.666666666666666  10.895833333333332  -1.5  -1.166666666666667  0.0018632291011498724
10.666666666666666  10.895833333333332  -1.166666666666667  -0.8333333333333339  0.00427364832926477
10.666666666666666  10.895833333333332  -0.8333333333333339  -0.5  0.005435003618050389
10.666666666666666  10.895833333333332  -0.5  -0.16666666666666696  0.011035466945443769
10.666666666666666  10.895833333333332  -0.16666666666666696  0.16666666666666607  0.009260173837106285
10.666666666666666  10.895833333333332  0.16666666666666607  0.5  0.01718736033326763
10.666666666666666  10.895833333333332  0.5  0.833333333333333  0.016558484380386096
10.666666666666666  10.895833333333332  0.833333333333333  1.166666666666666  0.019007599582911497
10.666666666666666  10.895833333333332  1.166666666666666  1.5  0.012502906575871707
10.666666666666666  10.895833333333332  1.5  1.833333333333333  0.004056559188777679
10.666666666666666  10.895833333333332  1.833333333333333  2.166666666666666  0.0
10.666666666666666  10.895833333333332  2.166666666666666  2.5  0.0
10.895833333333332  11.125  -5.5  -5.166666666666667  0.0
10.895833333333332  11.125  -5.166666666666667  -4.833333333333333  0.0
10.895833333333332  11.125  -4.833333333333333  -4.5  0.0
10.895833333333332  11.125  -4.5  -4.166666666666667  0.0
10.895833333333332  11.125  -4.166666666666667  -3.8333333333333335  0.0
10.895833333333332  11.125  -3.8333333333333335  -3.5  0.0
10.895833333333332  11.125  -3.5  -3.166666666666667  0.0
10.895833333333332  11.125  -3.166666666666667  -2.8333333333333335  0.0
10.895833333333332  11.125  -2.8333333333333335  -2.5  0.0
10.895833333333332  11.125  -2.5  -2.166666666666667  0.0
10.895833333333332  11.125  -2.166666666666667  -1.8333333333333335  0.0
10.895833333333332  11.125  -1.8333333333333335  -1.5  0.0026153682909968007
10.895833333333332  11.125  -1.5  -1.166666666666667  0.0
10.895833333333332  11.125  -1.166666666666667  -0.8333333333333339  0.0
10.895833333333332  11.125  -0.8333333333333339  -0.5  0.004885085383764238
10.895833333333332  11.125  -0.5  -0.16666666666666696  0.0
10.895833333333332  11.125  -0.16666666666666696  0.16666666666666607  0.010185718348870299
10.895833333333332  11.125  0.16666666666666607  0.5  0.020719662547289745
10.895833333333332  11.125  0.5  0.833333333333333  0.021407718211875384
10.895833333333332  11.125  0.833333333333333  1.166666666666666  0.026997146531880956
10.895833333333332  11.125  1.166666666666666  1.5  0.034305507201795093
10.895833333333332  11.125  1.5  1.833333333333333  0.020056039073056753
10.895833333333332  11.125  1.833333333333333  2.166666666666666  0.0
10.895833333333332  11.125  2.166666666666666  2.5  0.0
11.125  11.354166666666666  -5.5  -5.166666666666667  0.0
11.125  11.354166666666666  -5.166666666666667  -4.833333333333333  0.0
11.125  11.354166666666666  -4.833333333333333  -4.5  0.0
11.125  11.354166666666666  -4.5  -4.166666666666667  0.0
11.125  11.354166666666666  -4.166666666666667  -3.8333333333333335  0.0
11.125  11.354166666666666  -3.8333333333333335  -3.5  0.0
11.125  11.354166666666666  -3.5  -3.166666666666667  0.0
11.125  11.354166666666666  -3.166666666666667  -2.8333333333333335  0.0
11.125  11.354166666666666  -2.8333333333333335  -2.5  0.0
11.125  11.354166666666666  -2.5  -2.166666666666667  0.0
11.125  11.354166666666666  -2.166666666666667  -1.8333333333333335  0.0
11.125  11.354166666666666  -1.8333333333333335  -1.5  0.0
11.125  11.354166666666666  -1.5  -1.166666666666667  0.0
11.125  11.354166666666666  -1.166666666666667  -0.8333333333333339  0.0
11.125  11.354166666666666  -0.8333333333333339  -0.5  0.0
11.125  11.354166666666666  -0.5  -0.16666666666666696  0.0
11.125  11.354166666666666  -0.16666666666666696  0.16666666666666607  0.0
11.125  11.354166666666666  0.16666666666666607  0.5  0.009346086483651418
11.125  11.354166666666666  0.5  0.833333333333333  0.010463007724381166
11.125  11.354166666666666  0.833333333333333  1.166666666666666  0.025356137783828697
11.125  11.354166666666666  1.166666666666666  1.5  0.05045376259755207
11.125  11.354166666666666  1.5  1.833333333333333  0.03170672491178454
11.125  11.354166666666666  1.833333333333333  2.166666666666666  0.0
11.125  11.354166666666666  2.166666666666666  2.5  0.0
11.354166666666666  11.583333333333332  -5.5  -5.166666666666667  0.0
11.354166666666666  11.583333333333332  -5.166666666666667  -4.833333333333333  0.0
11.354166666666666  11.583333333333332  -4.833333333333333  -4.5  0.0
11.354166666666666  11.583333333333332  -4.5  -4.166666666666667  0.0
11.354166666666666  11.583333333333332  -4.166666666666667  -3.8333333333333335  0.0
11.354166666666666  11.583333333333332  -3.8333333333333335  -3.5  0.0
11.354166666666666  11.583333333333332  -3.5  -3.166666666666667  0.0
11.354166666666666  11.583333333333332  -3.166666666666667  -2.8333333333333335  0.0
11.354166666666666  11.583333333333332  -2.8333333333333335  -2.5  0.0
11.354166666666666  11.583333333333332  -2.5  -2.166666666666667  0.0
11.354166666666666  11.583333333333332  -2.166666666666667  -1.8333333333333335  0.0
11.354166666666666  11.583333333333332  -1.8333333333333335  -1.5  0.0
11.354166666666666  11.583333333333332  -1.5  -1.166666666666667  0.0
11.354166666666666  11.583333333333332  -1.166666666666667  -0.8333333333333339  0.0
11.354166666666666  11.583333333333332  -0.8333333333333339  -0.5  0.0
11.354166666666666  11.583333333333332  -0.5  -0.16666666666666696  0.0
11.354166666666666  11.583333333333332  -0.16666666666666696  0.16666666666666607  0.0
11.354166666666666  11.583333333333332  0.16666666666666607  0.5  0.0
11.354166666666666  11.583333333333332  0.5  0.833333333333333  0.0
11.354166666666666  11.583333333333332  0.833333333333333  1.166666666666666  0.01701945101088609
11.354166666666666  11.583333333333332  1.166666666666666  1.5  0.056729559593168805
11.354166666666666  11.583333333333332  1.5  1.833333333333333  0.052066587614224946
11.354166666666666  11.583333333333332  1.833333333333333  2.166666666666666  0.0
11.354166666666666  11.583333333333332  2.166666666666666  2.5  0.0
11.583333333333332  11.8125  -5.5  -5.166666666666667  0.0
11.583333333333332  11.8125  -5.166666666666667  -4.833333333333333  0.0
11.583333333333332  11.8125  -4.833333333333333  -4.5  0.0
11.583333333333332  11.8125  -4.5  -4.166666666666667  0.0
11.583333333333332  11.8125  -4.166666666666667  -3.8333333333333335  0.0
11.583333333333332  11.8125  -3.8333333333333335  -3.5  0.0
11.583333333333332  11.8125  -3.5  -3.166666666666667  0.0
11.583333333333332  11.8125  -3.166666666666667  -2.8333333333333335  0.0
11.583333333333332  11.8125  -2.8333333333333335  -2.5  0.0
11.583333333333332  11.8125  -2.5  -2.166666666666667  0.0
11.583333333333332  11.8125  -2.166666666666667  -1.8333333333333335  0.0
11.583333333333332  11.8125  -1.8333333333333335  -1.5  0.0
11.583333333333332  11.8125  -1.5  -1.166666666666667  0.0
11.583333333333332  11.8125  -1.166666666666667  -0.8333333333333339  0.0
11.583333333333332  11.8125  -0.8333333333333339  -0.5  0.0
11.583333333333332  11.8125  -0.5  -0.16666666666666696  0.0
11.583333333333332  11.8125  -0.16666666666666696  0.16666666666666607  0.0
11.583333333333332  11.8125  0.16666666666666607  0.5  0.0
11.583333333333332  11.8125  0.5  0.833333333333333  0.0
11.583333333333332  11.8125  0.833333333333333  1.166666666666666  0.02906689231833564
11.583333333333332  11.8125  1.166666666666666  1.5  0.0
11.583333333333332  11.8125  1.5  1.833333333333333  0.04557726145147618
11.583333333333332  11.8125  1.833333333333333  2.166666666666666  0.0
11.583333333333332  11.8125  2.166666666666666  2.5  0.08520683971553265
11.8125  12.041666666666666  -5.5  -5.166666666666667  0.0
11.8125  12.041666666666666  -5.166666666666667  -4.833333333333333  0.0
11.8125  12.041666666666666  -4.833333333333333  -4.5  0.0
11.8125  12.041666666666666  -4.5  -4.166666666666667  0.0
11.8125  12.041666666666666  -4.166666666666667  -3.8333333333333335  0.0
11.8125  12.041666666666666  -3.8333333333333335  -3.5  0.0
11.8125  12.041666666666666  -3.5  -3.166666666666667  0.0
11.8125  12.041666666666666  -3.166666666666667  -2.8333333333333335  0.0
11.8125  12.041666666666666  -2.8333333333333335  -2.5  0.0
11.8125  12.041666666666666  -2.5  -2.166666666666667  0.0
11.8125  12.041666666666666  -2.166666666666667  -1.8333333333333335  0.0
11.8125  12.041666666666666  -1.8333333333333335  -1.5  0.0
11.8125  12.041666666666666  -1.5  -1.166666666666667  0.0
11.8125  12.041666666666666  -1.166666666666667  -0.8333333333333339  0.0
11.8125  12.041666666666666  -0.8333333333333339  -0.5  0.0
11.8125  12.041666666666666  -0.5  -0.16666666666666696  0.0
11.8125  12.041666666666666  -0.16666666666666696  0.16666666666666607  0.0
11.8125  12.041666666666666  0.16666666666666607  0.5  0.0
11.8125  12.041666666666666  0.5  0.833333333333333  0.0
11.8125  12.041666666666666  0.833333333333333  1.166666666666666  0.0
11.8125  12.041666666666666  1.166666666666666  1.5  0.0
11.8125  12.041666666666666  1.5  1.833333333333333  0.06902786741974874
11.8125  12.041666666666666  1.833333333333333  2.166666666666666  0.06703396197781462
11.8125  12.041666666666666  2.166666666666666  2.5  0.0
12.041666666666666  12.270833333333332  -5.5  -5.166666666666667  0.0
12.041666666666666  12.270833333333332  -5.166666666666667  -4.833333333333333  0.0
12.041666666666666  12.270833333333332  -4.833333333333333  -4.5  0.0
12.041666666666666  12.270833333333332  -4.5  -4.166666666666667  0.0
12.041666666666666  12.270833333333332  -4.166666666666667  -3.8333333333333335  0.0
12.041666666666666  12.270833333333332  -3.8333333333333335  -3.5  0.0
12.041666666666666  12.270833333333332  -3.5  -3.166666666666667  0.0
12.041666666666666  12.270833333333332  -3.166666666666667  -2.8333333333333335  0.0
12.041666666666666  12.270833333333332  -2.8333333333333335  -2.5  0.0
12.041666666666666  12.270833333333332  -2.5  -2.166666666666667  0.0
12.041666666666666  12.270833333333332  -2.166666666666667  -1.8333333333333335  0.0
12.041666666666666  12.270833333333332  -1.8333333333333335  -1.5  0.0
12.041666666666666  12.270833333333332  -1.5  -1.166666666666667  0.0
12.041666666666666  12.270833333333332  -1.166666666666667  -0.8333333333333339  0.0
12.041666666666666  12.270833333333332  -0.8333333333333339  -0.5  0.0
12.041666666666666  12.270833333333332  -0.5  -0.16666666666666696  0.0
12.041666666666666  12.270833333333332  -0.16666666666666696  0.16666666666666607  0.0
12.041666666666666  12.270833333333332  0.16666666666666607  0.5  0.0
12.041666666666666  12.270833333333332  0.5  0.833333333333333  0.0
12.041666666666666  12.270833333333332  0.833333333333333  1.166666666666666  0.0
12.041666666666666  12.270833333333332  1.166666666666666  1.5  0.0
12.041666666666666  12.270833333333332  1.5  1.833333333333333  0.0
12.041666666666666  12.270833333333332  1.833333333333333  2.166666666666666  0.0
12.041666666666666  12.270833333333332  2.166666666666666  2.5  0.0
12.270833333333332  12.5  -5.5  -5.166666666666667  0.0
12.270833333333332  12.5  -5.166666666666667  -4.833333333333333  0.0
12.270833333333332  12.5  -4.833333333333333  -4.5  0.0
12.270833333333332  12.5  -4.5  -4.166666666666667  0.0
12.270833333333332  12.5  -4.166666666666667  -3.8333333333333335  0.0
12.270833333333332  12.5  -3.8333333333333335  -3.5  0.0
12.270833333333332  12.5  -3.5  -3.166666666666667  0.0
12.270833333333332  12.5  -3.166666666666667  -2.8333333333333335  0.0
12.270833333333332  12.5  -2.8333333333333335  -2.5  0.0
12.270833333333332  12.5  -2.5  -2.166666666666667  0.0
12.270833333333332  12.5  -2.166666666666667  -1.8333333333333335  0.0
12.270833333333332  12.5  -1.8333333333333335  -1.5  0.0
12.270833333333332  12.5  -1.5  -1.166666666666667  0.0
12.270833333333332  12.5  -1.166666666666667  -0.8333333333333339  0.0
12.270833333333332  12.5  -0.8333333333333339  -0.5  0.0
12.270833333333332  12.5  -0.5  -0.16666666666666696  0.0
12.270833333333332  12.5  -0.16666666666666696  0.16666666666666607  0.0
12.270833333333332  12.5  0.16666666666666607  0.5  0.0
12.270833333333332  12.5  0.5  0.833333333333333  0.0
12.270833333333332  12.5  0.833333333333333  1.166666666666666  0.0
12.270833333333332  12.5  1.166666666666666  1.5  0.0
12.270833333333332  12.5  1.5  1.833333333333333  0.0
12.270833333333332  12.5  1.833333333333333  2.166666666666666  0.0
12.270833333333332  12.5  2.166666666666666  2.5  0.0
